-27791.30327464522	-15965.542654883626	-1972.5087259539978
-27740.17333034392	-16011.369823206162	-2148.8974157326493
-27687.840257519696	-16056.501970438705	-2325.1915009449494
-27634.305267874068	-16100.936418108053	-2501.3829893989296
-27579.56960697325	-16144.670496543258	-2677.463865806235
-27523.63455483074	-16187.70154507511	-2853.4260914997576
-27466.501426482362	-16230.026912255953	-3029.261604209859
-27408.17157257192	-16271.643956084235	-3204.962317838124
-27879.65898693287	-15944.076060563155	-1550.5246632024323
-27831.519286725248	-15992.723642883428	-1726.6042798391704
-27782.177131405	-16040.680474333529	-1902.609795169712
-27731.633657720562	-16087.943897779938	-2078.5335117936643
-27679.89002765684	-16134.511262826552	-2254.3677156572476
-27626.947428827687	-16180.37992585053	-2430.104675632503
-27572.807074878998	-16225.547250046224	-2605.7366431019095
-27517.47020590861	-16270.010605472102	-2781.255851528311
-27460.938088899547	-16313.76736910465	-2956.6545160240967
-27403.212018155606	-16356.814924907758	-3131.924832953735
-27344.293315746872	-16399.150663910277	-3307.058979542612
-27284.18333198395	-16440.771984279134	-3482.0491134386225
-27222.883445873096	-16481.676291422344	-3656.887372368408
-27160.395065611203	-16521.860998079555	-3831.5658737130866
-27096.719629067728	-16561.32352443729	-4006.0767141587853
-27954.07628324448	-15914.991214450125	-1164.8038341925653
-27908.66259541818	-15966.34313636332	-1340.5443931333248
-27862.046752503724	-16017.007987143983	-1516.228757163216
-27814.229956813677	-16066.983031864642	-1691.8491091773012
-27765.213435734553	-16116.265549719112	-1867.3976327611736
-27714.99844156642	-16164.852833756355	-2042.8665117820874
-27663.586251372635	-16212.742190622144	-2218.2479299851316
-27610.978166853285	-16259.930940295397	-2393.534070547123
-27557.17551421071	-16306.41641584911	-2568.717115697104
-27502.179644055115	-16352.195963191603	-2743.7892462407494
-27445.991931312856	-16397.26694082372	-2918.742641118024
-27388.613775133483	-16441.626719612672	-3093.569477000775
-27330.04659884581	-16485.272682542825	-3268.261927775085
-27270.29184990076	-16528.202224494522	-3442.8121641048097
-27209.350999827835	-16570.412752027405	-3617.212352988374
-27147.225544239016	-16611.901683146334	-3791.454657215184
-27083.917002796195	-16652.666447108855	-3965.5312349639994
-27019.426919245336	-16692.70448420275	-4139.43423924779
-26953.756861427642	-16732.013245555216	-4313.1558174606
-26886.908421327516	-16770.590192933916	-4486.688110858922
-27973.397141052243	-15933.331870652928	-984.8923324142042
-27929.301551105287	-15986.586917974388	-1160.1717829241056
-27884.00565065925	-16039.155806672114	-1335.4033876196704
-27837.510626091753	-16091.035862565921	-1510.5796297189477
-27789.817685872975	-16142.22441756614	-1685.6929785671423
-27740.928060940583	-16192.71880966336	-1860.735889144762
-27690.84300507315	-16242.51638294069	-2035.7008016285176
-27639.56379529794	-16291.614487571302	-2210.5801408761217
-27587.09173228729	-16340.01047984837	-2385.3663159982866
-27533.42814077768	-16387.701722212063	-2560.05171989586
-27478.574369997987	-16434.685583287388	-2734.628728809912
-27422.531794111084	-16480.959437929305	-2909.089701871489
-27365.301812662045	-16526.520667280387	-3083.426980671531
-27306.885851041465	-16571.366658833966	-3257.6328888241783
-27247.285360955004	-16615.49480650986	-3431.699731550703
-27186.501820903115	-16658.902510738953	-3605.61979527075
-27124.53673668286	-16701.58717854855	-3779.3853471676266
-27061.391641878883	-16743.54622367196	-3952.98863482189
-26997.068098382955	-16784.777066653704	-4126.421885799261
-26931.567696914084	-16825.277134970576	-4299.677307273727
-26864.892057555655	-16865.043863157098	-4472.747085639156
-26797.042830289472	-16904.074692947917	-4645.6233861630335
-26728.021695546362	-16942.367073424426	-4818.298352629103
-27984.018140284013	-15951.739644120265	-836.319486151795
-27940.9971109177	-16006.808562648695	-1011.2031589864459
-27896.776566216024	-16061.191036667151	-1186.0450420014636
-27851.35779618081	-16114.88435529063	-1360.837545875244
-27804.742116089612	-16167.885814992916	-1535.5730664389748
-27756.93086693566	-16220.192719657092	-1710.2439842465246
-27707.925415861548	-16271.80238065363	-1884.8426642130398
-27657.72715661102	-16322.712116916688	-2059.3614552273225
-27606.337510000554	-16372.919255019755	-2233.792689738362
-27553.75792438298	-16422.4211292782	-2408.1286834111643
-27499.989876125655	-16471.21508185445	-2582.361734770622
-27445.034870112384	-16519.298462859027	-2756.4841248068046
-27388.894440222855	-16566.66863048884	-2930.488116690483
-27331.570149856412	-16613.32295114239	-3104.3659553829593
-27273.063592441325	-16659.258799564697	-3278.109867329529
-27213.37639195607	-16704.47355899714	-3451.7120601489264
-27152.51020345853	-16748.964621335985	-3625.164722332454
-27090.466713639624	-16792.729387287924	-3798.460022906176
-27027.24764135423	-16835.765266556882	-3971.5901111904736
-26962.854738182745	-16878.069678022293	-4144.547116502849
-26897.289788998096	-16919.64004992823	-4317.323147878118
-26830.554612522217	-16960.47382009265	-4489.910293846049
-26762.651061914323	-17000.568436109123	-4662.300622153243
-26693.581025345655	-17039.921355570168	-4834.486179549505
-26623.34642659073	-17078.530046292894	-5006.4589915588895
-26551.9492256222	-17116.391986554783	-5178.211062268931
-26479.391419211577	-17153.504665338136	-5349.734374131587
-27986.03230719711	-15972.190803298034	-720.4294807562567
-27943.85850186704	-16028.942109862872	-894.8746347896538
-27900.486287961183	-16085.006550470245	-1069.282618497952
-27855.917064993537	-16140.381371893038	-1243.6457535761808
-27810.15225608507	-16195.0638359476	-1417.9563657379556
-27763.193307779937	-16249.051219217912	-1592.2067843394655
-27715.04168988197	-16302.340812774844	-1766.389341968236
-27665.698895293353	-16354.929921911764	-1940.496374064687
-27615.16643988365	-16406.815865865497	-2114.5202184750974
-27563.445862355435	-16457.995977560076	-2288.4532150581354
-27510.53872413297	-16508.467603344463	-2462.28770525038
-27456.44660926701	-16558.22810273304	-2636.0160316182346
-27401.171124343233	-16607.274848160592	-2809.6305374369367
-27344.713898421505	-16655.605224726776	-2983.1235662092695
-27287.076582958995	-16703.21662997208	-3156.4874612723524
-27228.260851788724	-16750.106473623233	-3329.714565270715
-27168.268401077446	-16796.272177374016	-3502.797219731373
-27107.100949315438	-16841.711174656673	-3675.727764579752
-27044.760237308903	-16886.420910427823	-3848.4985376839927
-26981.248028210826	-16930.39884094292	-4021.101874327563
-26916.566107527884	-16973.642433564375	-4193.530106784242
-26850.716283185582	-17016.149166544972	-4365.775563768617
-26783.700385560864	-17057.916528849542	-4537.8305700091805
-26715.52026758505	-17098.942019946786	-4709.687445671316
-26646.177804799932	-17139.223149646783	-4881.3385059362745
-26575.674895480166	-17178.75743791293	-5052.776060444154
-26504.013460744714	-17217.542414696967	-5223.9924128003695
-26431.195444682577	-17255.575619780735	-5394.9798600793665
-26357.22281450417	-17292.854602619045	-5565.730692299561
-27979.068942405258	-15996.95477408501	-640.7084753496035
-27937.489685685177	-16055.253965533242	-814.7170602024328
-27894.71283317889	-16112.865530834559	-988.6920297083395
-27850.73986008234	-16169.78670024137	-1162.6257150743652
-27805.572265292714	-16226.014719958735	-1336.5104531698462
-27759.21157119668	-16281.54685185289	-1510.3385861583558
-27711.659323475214	-16336.380373158761	-1684.102461107563
-27662.917090919953	-16390.512576193207	-1857.794429597575
-27612.98646525704	-16443.94076807818	-2031.4068473414436
-27561.86906100165	-16496.66227044893	-2204.932073737072
-27509.566515301045	-16548.67441919334	-2378.362471499284
-27456.080487816645	-16599.974564168595	-2551.690406196803
-27401.412660597955	-16650.560068944713	-2724.9082458563043
-27345.564737988654	-16700.428310534444	-2898.0083604989527
-27288.53844653886	-16749.57667913623	-3070.983121697319
-27230.335534917704	-16798.00257789316	-3243.824902166156
-27170.957773870985	-16845.70342263033	-3416.5260752530685
-27110.406956166767	-16892.676641620445	-3589.0790145039405
-27048.684896561415	-16938.919675348814	-3761.476093202528
-26985.79343178957	-16984.4299762767	-3933.7096838780144
-26921.734420554316	-17029.205008621255	-4105.772157847585
-26856.509743543775	-17073.242248132323	-4277.65588472081
-26790.12130345499	-17116.539181880624	-4449.353231919498
-26722.571025042707	-17159.09330804543	-4620.8565641667565
-26653.86085515676	-17200.902135725097	-4792.158243038324
-26583.99276283587	-17241.963184727716	-4963.250626404188
-26512.9687393688	-17282.27398539779	-5134.126067985869
-26440.79079841273	-17321.832078423857	-5304.776916804784
-26367.46097610271	-17360.635014667692	-5475.195516687249
-26292.981331175288	-17398.680355000186	-5645.374205766727
-26217.353945115374	-17435.965670139885	-5815.305315964007
-26140.580922321074	-17472.48854049767	-5984.981172458931
-28007.242548366325	-15963.17129792441	-416.1013238981876
-27967.236211145206	-16023.59917536491	-589.6878755689482
-27926.031563038105	-16083.341112709224	-763.2504632829417
-27883.630104103504	-16142.394357386598	-936.7815595732666
-27840.03335937625	-16200.756165418621	-1110.27362553394
-27795.242879283232	-16258.423801463343	-1283.7191104225792
-27749.260240061594	-16315.394538877541	-1457.1104512980696
-27702.087044198535	-16371.665659772447	-1630.440072619145
-27653.72492087367	-16427.234455087884	-1803.7003858784335
-27604.175526400646	-16482.098224686175	-1976.8837892788265
-27553.440544696095	-16536.254277433465	-2149.9826673512284
-27501.521687746226	-16589.699931303374	-2322.9893906218704
-27448.4206960774	-16642.432513493728	-2495.896315302293
-27394.139339253135	-16694.449360533785	-2668.6957829282774
-27338.67941635034	-16745.747818429325	-2841.3801201025663
-27282.042756476458	-16796.325242784187	-3013.9416381399587
-27224.231219267072	-16846.17899895728	-3186.3726328098073
-27165.24669540079	-16895.30646221819	-3358.665384055147
-27105.091107130767	-16943.705017904405	-3530.812155695603
-27043.766408802523	-16991.37206160465	-3702.8051952011288
-26981.274587396572	-17038.30499933582	-3874.636733423099
-26917.617663073335	-17084.501247732915	-4046.2989843498835
-26852.797689709252	-17129.958234258385	-4217.784144913503
-26786.816755465843	-17174.673397400555	-4389.084394734518
-26719.676983339872	-17218.64418689869	-4560.191895944987
-26651.380497422935	-17261.868085312453	-4731.0988780726275
-26581.927949871206	-17304.34349055485	-4901.801220123962
-26511.32063280782	-17346.0683368629	-5072.293076894694
-26439.560658558952	-17387.04006328388	-5242.566600710474
-26366.650165515297	-17427.25612459574	-5412.613946114919
-26292.5913180152	-17466.71399104319	-5582.427269454952
-26217.386306262775	-17505.41114806785	-5751.998728412519
-26141.037346224162	-17543.345096063134	-5921.320481613875
-26063.54667957617	-17580.513350114565	-6090.384688146563
-25984.916573638166	-17616.913439761574	-6259.183507141186
-27988.023559856694	-15995.009036579724	-401.4117024778469
-27948.156446501533	-16056.74085277862	-574.5457317395399
-27907.092293537953	-16117.784713989553	-747.654673398451
-27864.832708167265	-16178.137893780231	-920.7310590281818
-27821.37931758522	-16237.79767912325	-1093.7674245548478
-27776.733768889364	-16296.761370150634	-1266.7563098600672
-27730.897729012268	-16355.026279894295	-1439.690258325014
-27683.87288467395	-16412.58973402523	-1612.5618163495876
-27635.66094233752	-16469.449070612052	-1785.3635329075696
-27586.263628177712	-16525.60163988471	-1958.0879590975146
-27535.682688070345	-16581.044803995	-2130.727647662755
-27483.919887591805	-16635.77593678747	-2303.2751525211424
-27430.977012030024	-16689.7924235784	-2475.72302829803
-27376.85586641301	-16743.091660936567	-2648.0638298425765
-27321.558275546944	-16795.671056474468	-2820.290111754503
-27265.086084074257	-16847.528028639794	-2992.3944278880144
-27207.441156534544	-16898.66000652349	-3164.369330886723
-27148.62537745221	-16949.064429662358	-3336.2073716761956
-27088.640651424375	-16998.73874786034	-3507.901098994639
-27027.488903233683	-17047.680421006746	-3679.4430588884575
-26965.17207797517	-17095.886918901808	-3850.8257942064656
-26901.692141174994	-17143.35572110611	-4022.0418441527104
-26837.051078963876	-17190.084316765522	-4193.083743725355
-26771.250898212733	-17236.070204482254	-4363.944023294357
-26704.293626733925	-17281.310892155012	-4534.615208039388
-26636.181313453475	-17325.803896857484	-4705.089817500303
-26566.916028624626	-17369.5467447048	-4875.360365054862
-26496.49986403952	-17412.53697073838	-5045.419357436498
-26424.934933262022	-17454.77211881345	-5215.25929423292
-26352.223371868706	-17496.24974149793	-5384.872667398774
-26278.36733770851	-17536.967399976093	-5554.251960756309
-26203.36901117016	-17576.922663963647	-5723.389649510592
-26127.230595471465	-17616.113111626484	-5892.2781997468355
-26049.954316944255	-17654.53632951692	-6060.910067968765
-25971.542425358806	-17692.189912504797	-6229.27770058061
-25891.997194237876	-17729.071463729313	-6397.3735334236935
-25811.320921195496	-17765.178594553465	-6565.189991289747
-28001.016716299848	-15969.862406233957	-244.58411965904048
-27962.2938042021	-16033.449163241246	-417.2362480385971
-27922.373427785686	-16096.349808925503	-589.8715366677064
-27881.25719094844	-16158.561634232025	-762.4826822711747
-27838.94671567733	-16220.081938605632	-935.0623780623354
-27795.443642262773	-16280.908029879902	-1107.6033132744292
-27750.7496295433	-16341.03722414831	-1280.098172620779
-27704.866355147835	-16400.466845665513	-1452.5396358185524
-27657.795515764035	-16459.194226738364	-1624.9203770620343
-27609.53882740484	-16517.216707644304	-1797.2330645532113
-27560.098025703555	-16574.531636537886	-1969.4703599757033
-27509.474866198474	-16631.136369393178	-2141.6249180532727
-27457.671124656004	-16687.02826992365	-2313.6893860186756
-27404.688597384604	-16742.20470953558	-2485.6564031608395
-27350.529101567805	-16796.66306728137	-2657.5186003499475
-27295.19447561748	-16850.40072981354	-2829.26859954081
-27238.686579512967	-16903.415091373045	-3000.8990133616985
-27181.00729519007	-16955.703553748976	-3172.4024445883915
-27122.15852689998	-17007.263526286933	-3343.7714857508395
-27062.14220161683	-17058.092425871677	-3514.9987186323715
-27000.960269419833	-17108.18767695127	-3686.076713881727
-26938.614703918152	-17157.546711542476	-3856.9980305382746
-26875.107502668092	-17206.16696926139	-4027.7552156172005
-26810.44068760508	-17254.04589735939	-4198.340803688255
-26744.616305483432	-17301.180950770166	-4368.747316468237
-26677.636428331014	-17347.569592162392	-4538.967262407598
-26609.50315391686	-17393.209292000156	-4708.99313627811
-26540.21860621268	-17438.097528623435	-4878.817418807899
-26469.784935879426	-17482.23178832713	-5048.43257628491
-26398.204320760993	-17525.609565451512	-5217.831060175307
-26325.478966378745	-17568.22836248709	-5387.005306770038
-26251.611106446217	-17610.085690182208	-5555.947736813865
-26176.603003378397	-17651.179067668225	-5724.650755176025
-26100.45694883265	-17691.506022581216	-5893.106750477813
-26023.175264229325	-17731.064091209166	-6061.308094794749
-25944.76030130061	-17769.850818637213	-6229.247143322622
-25865.21444264178	-17807.8637589056	-6396.916234066378
-25784.54010227035	-17845.100475177038	-6564.307687538994
-25702.739726195945	-17881.558539911937	-6731.413806464122
-25619.815792988244	-17917.23553505739	-6898.226875508418
-27968.135876769848	-16014.34608441106	-292.71592304798435
-27929.11458837422	-16079.014303543783	-464.9657640305706
-27888.896439723103	-16142.993192978769	-637.1951087345811
-27847.483171967702	-16206.280032250283	-809.3965988199907
-27804.876544575094	-16268.872112931625	-981.5628792171276
-27761.078335352948	-16330.766738405491	-1153.6865976431777
-27716.090340484243	-16391.961223645783	-1325.7604041301674
-27669.914374573007	-16452.45289500822	-1497.7769505579279
-27622.552270713928	-16512.23909001343	-1669.7288901453885
-27574.005880560828	-16571.317157155878	-1841.6088769942721
-27524.277074422862	-16629.68445570096	-2013.4095655782323
-27473.367741358823	-16687.33835550771	-2185.12361028483
-27421.27978929569	-16744.27623684472	-2356.743664916864
-27368.015145162855	-16800.495490211542	-2528.262382186839
-27313.57575501648	-16855.99351619151	-2699.672413284914
-27257.963584211844	-16910.767725274687	-2870.9664073335734
-27201.180617557464	-16964.81553772121	-3042.1370109429745
-27143.228859498617	-17018.1343834148	-3213.1768677136374
-27084.11033430716	-17070.721701730392	-3384.0786177601285
-27023.827086295645	-17122.574941399504	-3554.8348972028043
-26962.381180018536	-17173.691560405772	-3725.438337734109
-26899.774700520964	-17224.069025858247	-3895.881566087032
-26836.0097535596	-17273.704813906632	-4066.1572036183006
-26771.08846588183	-17322.596409627316	-4236.257865767967
-26705.01298547075	-17370.741306954656	-4406.1761616472195
-26637.785481839517	-17418.137008591617	-4575.904693529744
-26569.408146315254	-17464.781025945995	-4745.436056405532
-26499.883192347927	-17510.670879065798	-4914.762837504952
-26429.212855817805	-17555.80409659213	-5083.877615859155
-26357.39939537365	-17600.178215708256	-5252.7729618182675
-26284.445092758117	-17643.790782113123	-5421.441436632525
-26210.352253178127	-17686.63934998294	-5589.875591959144
-26135.123205647564	-17728.721481965462	-5758.0679694651235
-26058.760303369334	-17770.034749165985	-5926.0111003694055
-25981.26592412348	-17810.576731145928	-6093.697505003118
-25902.64247066061	-17850.345015933584	-6261.119692388036
-25822.892371103007	-17889.33720004517	-6428.27015982681
-25742.018079371945	-17927.55088850737	-6595.141392466579
-25660.02207562013	-17964.983694892246	-6761.725862881567
-25576.906866652516	-18001.63324137142	-6928.016030706718
-25492.674986401853	-18037.497158759095	-7094.004342187836
-25407.328996360437	-18072.573086588563	-7259.683229847302
-27964.580199528817	-16003.889011731082	-206.8978745500001
-27926.21696904491	-16070.163870915609	-378.7312391025929
-27886.655865752884	-16135.749443415634	-550.5484171556352
-27845.89871126663	-16200.64295498124	-722.3419765477363
-27803.947349938593	-16264.84164191612	-894.1044804878401
-27760.803649179925	-16328.342751031036	-1065.8284871094015
-27716.469499778366	-16391.143539626606	-1237.506549084247
-27670.946816230873	-16453.241275477427	-1409.131213222724
-27624.237537087905	-16514.63323682279	-1580.6950200737597
-27576.343625304104	-16575.316712371357	-1752.190503545105
-27527.2670686079	-16635.28900130314	-1923.610190497228
-27477.009879224304	-16694.547414042638	-2094.94660255904
-27425.573538194978	-16753.089894042874	-2266.19408535242
-27372.95959974336	-16810.91425898474	-2437.3466579852075
-27319.170118362184	-16868.017773394764	-2608.3967056736924
-27264.207172235983	-16924.39772006743	-2779.3366229963262
-27208.072863010755	-16980.051399745134	-2950.1588135248876
-27150.76931557513	-17034.976130803745	-3120.8556894536987
-27092.298677845833	-17089.169248949824	-3291.4196712469757
-27032.663120577497	-17142.62810691052	-3461.8431872447472
-26971.86483717936	-17195.350074133483	-3632.118673280741
-26909.906043547708	-17247.332536488342	-3802.238572285886
-26846.78897791701	-17298.572895968253	-3972.1953338711382
-26782.515900712824	-17349.06857040562	-4141.981413936112
-26717.089094428076	-17398.816993183995	-4311.589274244236
-26650.51086351614	-17447.815612952738	-4481.011381984636
-26582.783534285438	-17496.061893356	-4650.24020936045
-26513.90945482068	-17543.55331275688	-4819.268233137955
-26443.890994913607	-17590.2873639706	-4988.0879342029175
-26372.73054600512	-17636.261554004603	-5156.691797117733
-26300.430521141614	-17681.47340380385	-5325.072309673027
-26226.993354959788	-17725.920447993	-5493.22196240146
-26152.421503660844	-17769.600234640013	-5661.133248145276
-26076.717445027432	-17812.510325008338	-5828.79866155405
-25999.88367842059	-17854.648293335416	-5996.210698655962
-25921.92272484114	-17896.011726589168	-6163.361856314691
-25842.83712694981	-17936.598224262165	-6330.244631805598
-25762.62944913731	-17976.405398152496	-6496.851522310466
-25681.302277606632	-18015.43087215323	-6663.17502441557
-25598.858220457947	-18053.672282055042	-6829.207633632487
-25515.29990779742	-18091.127275351126	-6994.941843896791
-25430.629991851296	-18127.793511053624	-7160.370147083487
-25344.851147107598	-18163.668659511546	-7325.485032494644
-25257.966070466402	-18198.75040223916	-7490.278986357961
-27955.17020659517	-16000.031434684654	-156.67992693026872
-27917.235568605647	-16067.778461216105	-328.08757096469003
-27878.10253903898	-16134.835511049474	-499.48066735769976
-27837.77258458565	-16201.200517395651	-670.8536489088021
-27796.24753421522	-16266.870787356711	-842.1993515186593
-27753.529325349642	-16331.843496168995	-1013.5102396394984
-27709.61991753377	-16396.115837445053	-1184.778788809934
-27664.52129218929	-16459.685022863654	-1355.9974853290676
-27618.235452390978	-16522.54828184755	-1527.158825882717
-27570.76442265789	-16584.702861242295	-1698.255317155385
-27522.11024874861	-16646.146025010934	-1869.2794754681663
-27472.274997478344	-16706.87505391998	-2040.2238263761606
-27421.260756545795	-16766.88724523433	-2211.080904272296
-27369.069634373212	-16826.179912416184	-2381.8432519844473
-27315.703759955457	-16884.750384832623	-2552.5034203793693
-27261.16528273269	-16942.59600745611	-2723.0539679271487
-27205.456372464043	-16999.714140583153	-2893.487460299526
-27148.579219127445	-17056.102159544134	-3063.7964699226077
-27090.53603282011	-17111.757454431336	-3233.9735755638694
-27031.329043685702	-17166.67742981872	-3404.0113618740825
-26970.960501844143	-17220.859504497814	-3573.9024189573493
-26909.432677341832	-17274.3011112124	-3743.639341916466
-26846.74786010842	-17326.99969640485	-3913.214730413544
-26782.908359939433	-17378.952719957775	-4082.62118819333
-26717.91650648066	-17430.15765495174	-4251.851322635477
-26651.774649233674	-17480.611987422748	-4420.897744283231
-26584.4851575702	-17530.31321612971	-4589.75306638172
-26516.050420760108	-17579.25885232802	-4758.409904412899
-26446.472848029305	-17627.446419538035	-4926.860875588187
-26375.754868605312	-17674.87345333924	-5095.098598403856
-26303.89893178654	-17721.53750116293	-5263.1156921675365
-26230.907507048203	-17767.436122077346	-5430.904776470389
-26156.783084123264	-17812.566886605196	-5598.458470748571
-26081.528173119186	-17856.927376533382	-5765.76939379068
-26005.145304660586	-17900.515184723256	-5932.83016321791
-25927.63703001393	-17943.32791494721	-6099.633395034336
-25849.005921255204	-17985.363181715435	-6266.171703111408
-25769.254571430687	-18026.61861012199	-6432.437698717035
-25688.38559475286	-18067.09183568718	-6598.423989999145
-25606.401626779218	-18106.780504223585	-6764.123181533369
-25523.305324645327	-18145.682271689566	-6929.52787378739
-25439.09936727416	-18183.79480406956	-7094.630662662662
-25353.78645561435	-18221.115777254457	-7259.424139004589
-25267.36931290893	-18257.642876923263	-7423.900888081975
-25179.850684938137	-18293.37379845038	-7588.053489143915
-25091.23334031865	-18328.30624680277	-7751.8745148955995
-27900.138333465635	-16074.599903274357	-310.5279760009739
-27861.221819710147	-16143.000489313727	-481.5011675591172
-27821.10817997024	-16210.707649254413	-652.4540432692802
-27779.799386084444	-16277.71862863934	-823.379282592615
-27737.2974290227	-16344.030684283633	-994.2695656744096
-27693.60431907148	-16409.64108414673	-1165.1175729035415
-27648.722086052712	-16474.547107179627	-1335.91598438851
-27602.65277952433	-16538.746043226736	-1506.6574795564538
-27555.39846901613	-16602.235192900465	-1677.3347366625753
-27506.961244265156	-16665.011867482164	-1847.9404323498602
-27457.343215471803	-16727.073388819364	-2018.4672411795607
-27406.546513554007	-16788.417089248836	-2188.9078352123984
-27354.57329042181	-16849.04031151602	-2359.2548835609878
-27301.425719267318	-16908.940408698647	-2529.5010519336993
-27247.105994851507	-16968.11474415586	-2699.6390022298738
-27191.61633381376	-17026.560691471812	-2869.6613921003654
-27134.95897499252	-17084.2756344086	-3039.560874513518
-27077.13617973883	-17141.25696688605	-3209.3300973796368
-27018.150232270906	-17197.502092938972	-3378.9617030887007
-26958.00344000095	-17253.00842672131	-3548.4483281664625
-26896.69813391279	-17307.773392479587	-3717.782602817947
-26834.236668915	-17361.79442456832	-3886.957150576454
-26770.621424219582	-17415.06896745902	-4055.9645879130276
-26705.854803735427	-17467.594475754348	-4224.7975238397585
-26639.93923645126	-17519.368414227956	-4393.448559572787
-26572.877176855272	-17570.388257850846	-4561.9102881304225
-26504.671105333313	-17620.65149185116	-4730.175294017538
-26435.323528601348	-17670.15561176299	-4898.236152852171
-26364.836980133852	-17718.89812349441	-5066.085431032879
-26293.21402060029	-17766.876543404374	-5233.715685414219
-26220.457238315335	-17814.0883983851	-5401.119462977565
-26146.56895358616	-17860.53140913207	-5568.289964898308
-26071.550461149833	-17906.203915631697	-5735.222664859385
-25995.4042578091	-17951.103487002332	-5901.910288021151
-25918.133030327997	-17995.227605399745	-6068.3451909822
-25839.739490103548	-18038.573771184132	-6234.51973818734
-25760.22637302333	-18081.139502606427	-6400.4263014889475
-25679.59643929226	-18122.922335524036	-6566.0572597968385
-25597.852473313455	-18163.9198230989	-6731.404998636668
-25514.997283565877	-18204.129535510216	-6896.461909739469
-25431.033702499844	-18243.54905967013	-7061.220390617476
-25345.96458643771	-18282.17599894871	-7225.672844152009
-25259.792815519042	-18320.00797289044	-7389.811678117428
-25172.521293625166	-18357.042616952633	-7553.629304768624
-25084.152948338404	-18393.277582240087	-7717.118140384138
-24994.690730923812	-18428.710535242877	-7880.270604790932
-24904.13761629556	-18463.339157592436	-8043.079120940231
-27910.457064320173	-16023.366962989807	-161.17022469508402
-27872.71284679885	-16093.654277357502	-331.75015736362866
-27833.769263314854	-16163.249107571077	-502.31586604207064
-27793.628357540765	-16232.148691923434	-672.860053773645
-27752.292190948276	-16300.350281132512	-843.3754278028523
-27709.76284291116	-16367.851138151927	-1013.8546991145258
-27666.04241083216	-16434.648537970865	-1184.2905819275793
-27621.133010264046	-16500.73976745062	-1354.6757932630383
-27575.036775064847	-16566.122125135127	-1525.0030524274357
-27527.755857554086	-16630.792921087977	-1695.2650805444637
-27479.292428679073	-16694.74947673991	-1865.4546000952992
-27429.64867820077	-16757.989124734417	-2035.5643344347334
-27378.826814886113	-16820.509208789124	-2205.5870073297147
-27326.82906671016	-16882.307083567808	-2375.5153425072767
-27273.657681084085	-16943.380114543877	-2545.3420631591725
-27219.31492507924	-17003.725677891885	-2715.059891502714
-27163.803085664225	-17063.34116038473	-2884.6615483384417
-27107.124469966257	-17122.223959285435	-3054.139752571884
-27049.281405529124	-17180.371482263956	-3223.4872207855196
-26990.276240593208	-17237.781147311132	-3392.696666781929
-26930.111344380064	-17294.450382668238	-3561.7608011511597
-26868.789107387714	-17350.376626765166	-3730.6723308427163
-26806.311941708842	-17405.557328156596	-3899.423958709576
-26742.68228133578	-17459.9899454888	-4068.0083831230363
-26677.9025824999	-17513.671947453542	-4236.4182975271715
-26611.975324012157	-17566.600812759814	-4404.6463900251765
-26544.903007613924	-17618.774030114575	-4572.685342971514
-26476.688158324592	-17670.189098222443	-4740.527832602669
-26407.33332483856	-17720.84352576417	-4908.16652857621
-26336.84107987673	-17770.734831426485	-5075.594093653351
-26265.21402059805	-17819.860543903014	-5242.803183264271
-26192.454768991265	-17868.21820192627	-5409.786445152029
-26118.565972278186	-17915.805354306456	-5576.536519016957
-26043.550303348962	-17962.619559964594	-5743.046036116567
-25967.41046116333	-18008.658388002532	-5909.307618970051
-25890.149171218614	-18053.919417745677	-6075.313880941267
-25811.769185961948	-18098.400238834533	-6241.057425971652
-25732.273285266965	-18142.098451291542	-6406.5308481987795
-25651.664276886237	-18185.01166561674	-6571.726731654175
-25569.944996917384	-18227.137502888807	-6736.637649956702
-25487.118310283247	-18268.473594871968	-6901.256166001889
-25403.18711122324	-18309.01758413075	-7065.574831653942
-25318.15429205613	-18348.76713874701	-7229.58624820944
-25232.021355264227	-18387.720567614728	-7393.285681184869
-25144.790502538483	-18425.875818268047	-7556.666983369772
-25056.46475083756	-18463.230481889117	-7719.722481042114
-24967.047142705116	-18499.782168208018	-7882.444507796361
-24876.54074611929	-18535.528505216786	-8044.825404171961
-24784.948654395183	-18570.46713887229	-8206.857517204895
-27873.841790078783	-16054.626542951886	-222.33836087855116
-27835.81722248002	-16125.95669041739	-392.5211691084287
-27796.59385333749	-16196.590891760981	-562.6844181802799
-27756.173878739297	-16266.526414537528	-732.8208159410647
-27714.55951074724	-16335.760542061795	-902.9230823600092
-27671.75297728021	-16404.29057307162	-1072.983949034564
-27627.756522008483	-16472.113821402167	-1242.9961587051953
-27582.572404262173	-16539.22761566598	-1412.9524647660662
-27536.202898953623	-16605.629298938944	-1582.845630771832
-27488.65029651012	-16671.316228457334	-1752.66842995403
-27439.916902833513	-16736.285775303128	-1922.4136446878329
-27390.005039253592	-16800.53532412378	-2092.074066028348
-27338.917042513967	-16864.062272832885	-2261.6424931779734
-27286.655264762736	-16926.86403233016	-2431.111732984149
-27233.22207355686	-16988.938026228003	-2600.474599434717
-27178.619851884578	-17050.28169057995	-2769.7239131379565
-27122.850998201953	-17110.892473616193	-2938.8525008007573
-27065.91792647244	-17170.76783549795	-3107.8531947380784
-27007.823066242127	-17229.905248055486	-3276.7188323152072
-26948.568862704768	-17288.302194559223	-3445.4422554612984
-26888.157776798245	-17345.956169479647	-3614.0163101294
-26826.592285298775	-17402.864678270613	-3782.4338458018456
-26763.874880952233	-17459.025237137896	-3950.687714929664
-26700.008072595818	-17514.435372838005	-4118.770772437507
-26634.99438529981	-17569.09262247771	-4286.675875208958
-26568.836360535635	-17622.994533311048	-4454.39588153958
-26501.53655633998	-17676.138662559402	-4621.923650636396
-26433.09754750231	-17728.52257723117	-4789.252042092112
-26363.521925757766	-17780.143853955804	-4956.373915380016
-26292.812300012243	-17831.000078812147	-5123.282129304811
-26220.97129655385	-17881.088847185478	-5289.9695415201095
-26148.001559293294	-17930.407763620708	-5456.429008008792
-26073.905750020505	-17978.954441682603	-5622.653382559132
-25998.686548665864	-18026.726503830585	-5788.635516262794
-25922.346653571076	-18073.72158130399	-5954.368257021864
-25844.888781793466	-18119.93731400338	-6119.844449013768
-25766.315669387383	-18165.371350402733	-6285.056932236561
-25686.63007173997	-18210.021347445403	-6449.998541967658
-25605.834763883307	-18253.88497047068	-6614.662108303317
-25523.93254084317	-18296.959893135412	-6779.040455650747
-25440.926217978176	-18339.24379735686	-6943.126402269083
-25356.81863136609	-18380.734373246603	-7106.912759744788
-25271.612638157356	-18421.429319077022	-7270.392332560795
-25185.31111697239	-18461.3263412407	-7433.557917606942
-25097.9169683012	-18500.423154224358	-7596.402303714702
-25009.433114917992	-18538.717480591007	-7758.918271191062
-24919.862502297063	-18576.20705097616	-7921.098591376964
-24829.208099043113	-18612.889604092077	-8082.936026205192
-24737.472897353826	-18648.76288673328	-8244.423327727014
-24644.659913455096	-18683.824653807595	-8405.553237713972
-27825.798905416235	-16099.931039497611	-319.9846276795415
-27787.25025538259	-16172.16708285036	-489.7953915400194
-27747.501921212715	-16243.705416941704	-659.5859209119667
-27706.556143518083	-16314.543235319816	-829.3488528606395
-27664.41518414541	-16384.677743590873	-999.0768242837439
-27621.081326473526	-16454.106159367195	-1168.7624715120783
-27576.5568757368	-16522.82571219769	-1338.3984298510404
-27530.844159344153	-16590.833643532656	-1507.977333188442
-27483.9455272165	-16658.127206684767	-1677.4918135766138
-27435.86335213232	-16724.703666802587	-1846.9345008285336
-27386.60003008705	-16790.560300848905	-2016.2980221084738
-27336.157980652573	-16855.694397601772	-2185.575001563474
-27284.539647355392	-16920.103257652525	-2354.7580599299977
-27231.74749805617	-16983.784193423737	-2523.8398141752473
-27177.78402535252	-17046.734529179757	-2692.812877100999
-27122.65174696147	-17108.9516010815	-2861.6698570482167
-27066.35320614999	-17170.432757204435	-3030.403357485752
-27008.89097213811	-17231.175357607986	-3199.0059767199227
-26950.267640531187	-17291.176774390307	-3367.470307547758
-26890.48583375139	-17350.43439176256	-3535.7889369460736
-26829.54820148119	-17408.945606128134	-3703.9544457572
-26767.45742110719	-17466.707826178583	-3871.9594084042983
-26704.21619818288	-17523.718472987763	-4039.7963925841095
-26639.827266886416	-17579.974980127074	-4207.457959002747
-26574.293390489576	-17635.474793785663	-4374.936661108897
-26507.616571631486	-17690.216011679266	-4542.227009475698
-26439.79869815291	-17744.19678015144	-4709.323720545334
-26370.842517583347	-17797.414543208	-4876.2193600566325
-26300.750799497146	-17849.866762640337	-5042.90650306116
-26229.526334847025	-17901.5509181374	-5209.3777348116755
-26157.17193583475	-17952.46450696766	-5375.625650322625
-26083.690435759956	-18002.605043691616	-5541.642854008249
-26009.084688918916	-18051.970059852763	-5707.421959230303
-25933.35757049525	-18100.55710368928	-5872.955587891507
-25856.511976464117	-18148.363739850145	-6038.236370023053
-25778.550823525344	-18195.38754910693	-6203.256943334441
-25699.477049039004	-18241.6261280783	-6368.0099527837765
-25619.293610975135	-18287.07708895981	-6532.488050142965
-25538.003487880545	-18331.738059257237	-6696.683893551679
-25455.60967886641	-18375.606681522244	-6860.590147054116
-25372.11520359446	-18418.68061310255	-7024.199480163322
-25287.523102303203	-18460.95752588461	-7187.5045673707355
-25201.836435809673	-18502.435106062374	-7350.498087728034
-25115.058285564606	-18543.111053892575	-7513.1727243495025
-25027.19175370604	-18582.98308346491	-7675.521163942958
-24938.23996311714	-18622.04892248348	-7837.536096356558
-24848.206057515206	-18660.306312047076	-7999.2102140914485
-24757.093201552234	-18697.753006438397	-8160.536211818462
-24664.90458091575	-18734.38677292598	-8321.506785917609
-24571.643402465266	-18770.205391564818	-8482.11463397832
-24477.312894361927	-18805.206655012873	-8642.35245433547
-27807.27285825411	-16086.7700572128	-291.3969557322557
-27769.110082809653	-16160.450120774378	-460.88524038055994
-27729.74622504395	-16233.429720754504	-630.3509571330064
-27689.183703007126	-16305.70606145912	-799.7866895577281
-27647.424952947058	-16377.276367686663	-969.1850390928003
-27604.472429031917	-16448.13788433379	-1138.5386246286275
-27560.328603078277	-16518.287876018556	-1307.8400821155797
-27514.995964299298	-16587.72362669609	-1477.0820641379973
-27468.477019065107	-16656.442439280956	-1646.2572394876224
-27420.77429068274	-16724.441635265754	-1815.3582927104494
-27371.890319175433	-16791.71855436514	-1984.3779236994503
-27321.82766108829	-16858.270554145496	-2153.308847234911
-27270.58888930656	-16924.09500966199	-2322.143792525158
-27218.176592886175	-16989.18931310303	-2490.875502747932
-27164.593376894212	-17053.550873444612	-2659.496734599169
-27109.841862271594	-17117.17711609946	-2828.000257810105
-27053.924685706097	-17180.06548257667	-2996.3788546722963
-26996.844499515122	-17242.213430151365	-3164.6253195707873
-26938.60397155135	-17303.618431530183	-3332.7324584863563
-26879.205785116144	-17364.277974529658	-3500.6930885129555
-26818.65263888942	-17424.189561758012	-3668.5000373643857
-26756.947246876163	-17483.350710300572	-3836.146142870489
-26694.092338362676	-17541.75895141599	-4003.6242524826994
-26630.09065789184	-17599.4118302341	-4170.92722276309
-26564.944965245264	-17656.306905466903	-4338.047918889745
-26498.65803544971	-17712.441749117093	-4504.979214133151
-26431.23265879294	-17767.813946197864	-4671.713989342937
-26362.671640845907	-17822.42109446586	-4838.24513245161
-26292.977802520225	-17876.26080414391	-5004.565537924234
-26222.15398011346	-17929.330697672245	-5170.66810627101
-26150.203025395545	-17981.62840944578	-5336.545743493446
-26077.12780568208	-18033.151585579602	-5502.191360593779
-26002.931203943775	-18083.897883665308	-5667.597873031543
-25927.61611891896	-18133.86497254319	-5832.758200205089
-25851.185465245988	-18183.050532078214	-5997.665264919602
-25773.642173603836	-18231.452252947693	-6162.311992867601
-25694.989190869557	-18279.06783643495	-6326.6913121028865
-25615.229480292823	-18325.89499422924	-6490.796152508265
-25534.366021675098	-18371.93144823932	-6654.61944528282
-25452.40181157822	-18417.174930406367	-6818.154122398018
-25369.339863528017	-18461.62318253599	-6981.393116092917
-25285.18320824733	-18505.273956129946	-7144.329358338794
-25199.934893889866	-18548.125012233348	-7306.955780330572
-25113.597986307344	-18590.174121280616	-7469.265311942102
-25026.175569300405	-18631.419062965248	-7631.250881240188
-24937.67074490592	-18671.857626106714	-7792.905413956645
-24848.086633698018	-18711.487608526822	-7954.221832963034
-24757.426375088784	-18750.306816941455	-8115.193057773242
-24665.693127645154	-18788.313066859828	-8275.812004042691
-24572.89006942942	-18825.50418248846	-8436.071583052182
-24479.020398349523	-18861.877996646475	-8595.964701201648
-24384.087332500316	-18897.432350698633	-8755.484259544748
-24288.0941105573	-18932.165094482425	-8914.62315325953
-27773.266542009536	-16090.695404540029	-305.0678941458764
-27735.25444175395	-16165.616100318772	-474.16720186076464
-27696.03967040698	-16239.836357122116	-643.2468983405893
-27655.624635311593	-16313.353387882738	-812.2996976885347
-27614.011761683196	-16386.16441865244	-981.3183190382756
-27571.20349281036	-16458.266688444168	-1150.2954860765876
-27527.20229026747	-16529.657449083363	-1319.2239265702847
-27482.010634145998	-16600.333965057587	-1488.0963718715584
-27435.631023283928	-16670.293513397843	-1656.9055564805021
-27388.065975525864	-16739.53338353914	-1825.6442175406878
-27339.318027977093	-16808.05087721811	-1994.3050944055171
-27289.389737275724	-16875.84330836916	-2162.880928183908
-27238.283679883825	-16942.908003019827	-2331.3644612656053
-27186.002452368044	-17009.242299224734	-2499.7484369244435
-27132.548671720524	-17074.843546970067	-2668.0255988297467
-27077.924975662485	-17139.70910812418	-2836.1886906557506
-27022.13402297404	-17203.836356377164	-3004.2304556453964
-26965.178493832507	-17267.222677192956	-3172.1436361875994
-26907.061090154053	-17329.86546777867	-3339.920973421242
-26847.784535953928	-17391.762137053858	-3507.5552068204124
-26787.351577707275	-17452.910105639316	-3675.039073813328
-26725.76498473085	-17513.30680584375	-3842.3653093764474
-26663.02754955749	-17572.949681676906	-4009.52664568219
-26599.14208833846	-17631.836188853606	-4176.515811702795
-26534.111441232726	-17689.963794828516	-4343.325532881092
-26467.938472834445	-17747.329978813304	-4509.948530732017
-26400.626072573792	-17803.932231835402	-4676.377522543764
-26332.177155156092	-17859.76805677943	-4842.605221010173
-26262.59466098842	-17914.834968456365	-5008.624333924161
-26191.88155662407	-17969.13049367351	-5174.427563854674
-26120.04083521472	-18022.652171314385	-5340.007607833278
-26047.075516961453	-18075.397552434617	-5505.357157069893
-25972.98864958381	-18127.36420035917	-5670.468896652728
-25897.783308787282	-18178.549690795495	-5835.335505277721
-25821.46259873694	-18228.951611956127	-5999.949654988242
-25744.029652546214	-18278.567564684974	-6164.304010906139
-25665.487632762924	-18327.395162599125	-6328.391230992685
-25585.839731863933	-18375.43203223817	-6492.203965813985
-25505.089172755288	-18422.675813223	-6655.734858317397
-25423.238463884587	-18469.12457499954	-6818.978019003913
-25340.289515455304	-18514.776691340896	-6981.928690022716
-25256.245519251064	-18559.629804313387	-7144.579549784891
-25171.109713829374	-18603.681559648077	-7306.923236237961
-25084.88535925886	-18646.92962093718	-7468.952397005627
-24997.57573704308	-18689.371669332424	-7630.659688936673
-24909.18415004636	-18731.00540325583	-7792.037777673507
-24819.71392241346	-18771.828538125155	-7953.07933725264
-24729.16839953797	-18811.838806068565	-8113.7770496373305
-24637.55094801804	-18851.03395565769	-8274.123604295279
-24544.864955644152	-18889.411751638632	-8434.111697740413
-24451.113831387545	-18926.969974674917	-8593.734033095076
-24356.301005417725	-18963.706421090617	-8752.983319623265
-24260.429929120375	-18999.61890262557	-8911.852272284672
-24163.50407514096	-19034.705246192665	-9070.33361126657
-27724.799348268218	-16115.572837573536	-371.7416029839342
-27686.578984487634	-16191.556049825977	-540.5411657510103
-27647.154748460267	-16266.835624265394	-709.3179246512454
-27606.52918296456	-16341.40873865938	-878.0644994089839
-27564.704851766466	-16415.272584600065	-1046.773512832006
-27521.684339921074	-16488.42436741403	-1215.4375903579444
-27477.47025407704	-16560.861306096987	-1384.0493596406195
-27432.065222794357	-16632.580633252874	-1552.6014501308505
-27385.47189687417	-16703.57959504059	-1721.0864926585164
-27337.692949693093	-16773.85545113935	-1889.4971190421588
-27288.73107755448	-16843.40547471327	-2057.8259616807113
-27238.589000041746	-16912.22695239728	-2226.0656531797517
-27187.269460394564	-16980.317184274612	-2394.2088259407597
-27134.77522586655	-17047.67348390182	-2562.248111850533
-27081.10908812929	-17114.29317829373	-2730.1761418558012
-27026.2738636489	-17180.173607966157	-2897.9855456644786
-26970.272394095056	-17245.312126957328	-3065.6689513781885
-26913.10754675463	-17309.706102865195	-3233.218985147564
-26854.782214933148	-17373.352916917425	-3400.628270896007
-26795.29931839447	-17436.249964016362	-3567.889429962422
-26734.661803785923	-17498.394652819352	-3734.9950808193453
-26672.872522826397	-17559.784525420626	-3901.9381658710554
-26609.93338914556	-17620.418039664666	-4068.7141340025228
-26545.847096357058	-17680.292852162358	-4235.316281397079
-26480.616597020966	-17739.406398259824	-4401.73726669658
-26414.244863473414	-17797.756132840474	-4567.969762673887
-26346.734887644474	-17855.33952999384	-4734.006455841989
-26278.08968089227	-17912.154082686346	-4899.84004605033
-26208.312273842675	-17968.197302442877	-5065.463246094341
-26137.40571625322	-18023.4667190239	-5230.868781293296
-26065.373076876996	-18077.95988011797	-5396.049389094679
-25992.217443359645	-18131.674351023925	-5560.997818628152
-25917.94192213069	-18184.607714352973	-5725.70683029932
-25842.54963832266	-18236.757569725243	-5890.169195346498
-25766.04373569262	-18288.12153347982	-6054.377695418387
-25688.427376569096	-18338.697238382	-6218.325122121753
-25609.7037418012	-18388.482333344095	-6382.004276590453
-25529.87603073041	-18437.474483145947	-6545.407969031355
-25448.947461176598	-18485.67136816142	-6708.529018266657
-25366.921269428607	-18533.070684096612	-6871.360251291776
-25283.80071026128	-18579.67014172661	-7033.894502804702
-25199.589056953762	-18625.467466646027	-7196.124614757733
-25114.289601334625	-18670.460399018684	-7358.04343588128
-25027.905653827933	-18714.64669334105	-7519.643821230466
-24940.44054352641	-18758.0241182054	-7680.918631704406
-24851.89761826523	-18800.590456076785	-7841.860733588692
-24762.280244723228	-18842.343503070217	-8002.462998071194
-24671.591808527886	-18883.281068740176	-8162.718300775274
-24579.835714370347	-18923.400975878696	-8322.619521297955
-24487.01538615919	-18962.701060310057	-8482.159542703894
-24393.134267152534	-19001.17917070868	-8641.331251080723
-24298.195820132452	-19038.833168412282	-8800.127535044534
-24202.203527575	-19075.660927250483	-8958.541285276153
-24105.160891848667	-19111.66033337548	-9116.565394033023
-24007.07143541548	-19146.82928510526	-9274.192754680007
-27663.264992860968	-16159.984042568049	-487.0469311947436
-27624.525814848173	-16236.819873460514	-655.525041508582
-27584.583013253112	-16312.947491310713	-823.9732953442535
-27543.43926154103	-16388.364155258554	-992.3844223916776
-27501.097247916026	-16463.06714196574	-1160.7511677564553
-27457.559675245975	-16537.05374527651	-1329.066291456198
-27412.829261007042	-16610.321275876868	-1497.322567895118
-27366.908737230733	-16682.867060980865	-1665.5127853821564
-27319.80085046404	-16754.68844402337	-1833.6297456473867
-27271.50836176345	-16825.78278432936	-2001.666263285434
-27222.034046675948	-16896.14745683239	-2169.615165295207
-27171.38069524769	-16965.779851777766	-2337.469290566637
-27119.551112052835	-17034.67737442541	-2505.221489347211
-27066.54811622246	-17102.837444779267	-2672.8646227535446
-27012.374541486355	-17170.257497323943	-2840.3915622827185
-26957.03323625341	-17236.934980737697	-3007.795189245706
-26900.52706366141	-17302.86735766823	-3175.0683943374665
-26842.858901691157	-17368.05210445405	-3342.2040770517474
-26784.031643246315	-17432.48671091066	-3509.1951452394514
-26724.04819628608	-17496.168680078892	-3676.034514551267
-26662.911483937114	-17559.095528019363	-3842.715107978802
-26600.624444645808	-17621.26478358521	-4009.229855319484
-26537.190032329912	-17682.673988218346	-4175.571692682126
-26472.611216540077	-17743.320695756374	-4341.733562000891
-26406.89098264126	-17803.202472240853	-4507.708410532143
-26340.03233200956	-17862.316895732038	-4673.489190347348
-26272.03828223135	-17920.661556141793	-4839.068857854536
-26202.91186731693	-17978.234055072688	-5004.440373316221
-26132.656137937072	-18035.032005657107	-5169.596700344832
-26061.274161652913	-18091.053032420892	-5334.530805446579
-25988.769023182213	-18146.294771136156	-5499.235657511224
-25915.14382465288	-18200.75486870301	-5663.704227363552
-25840.401685881712	-18254.430983029313	-5827.929487286858
-25764.54574466789	-18307.320782917803	-5991.904410544556
-25687.579157077347	-18359.421947976913	-6155.621970951001
-25609.505097773756	-18410.732168516235	-6319.075142370721
-25530.32676032523	-18461.249145476027	-6482.256898299198
-25450.047357539588	-18510.970590353696	-6645.160211410701
-25368.670121804273	-18559.89422514372	-6807.778053124345
-25286.198305456048	-18608.017782275725	-6970.103393138062
-25202.635181120015	-18655.339004586825	-7132.129199050645
-25117.98404210978	-18701.855645273266	-7293.848435889045
-25032.248202796378	-18747.565467876157	-7455.254065724099
-24945.430998999418	-18792.466246268978	-7616.339047267529
-24857.535788415287	-18836.555764641016	-7777.096335425902
-24768.56595100121	-18879.831817518447	-7937.518880961715
-24678.524889426233	-18922.292209765717	-8097.599630055609
-24587.416029476688	-18963.934756623785	-8257.331523975774
-24495.242820529802	-19004.757283729996	-8416.707498649477
-24402.008735973144	-19044.757627177056	-8575.720484354137
-24307.717273696642	-19083.933633553097	-8734.363405305225
-24212.371956524832	-19122.283160021172	-8892.629179369673
-24115.976332730086	-19159.804074377924	-9050.51071766482
-24018.533976495717	-19196.494255146503	-9208.000924264463
-23920.048488400935	-19232.35159167262	-9365.092695888994
-23820.52349595565	-19267.373984215395	-9521.77892153797
-27626.845628675375	-16145.096998921807	-479.0071282807512
-27588.492504097245	-16223.323417591519	-647.2285056532755
-27548.93296720465	-16300.839675159805	-815.4203483084402
-27508.16979893951	-16377.643023427947	-983.5753653902411
-27466.20579485995	-16453.73073271762	-1151.6862830416267
-27423.043765046696	-16529.10009151812	-1319.7458439026186
-27378.686534017066	-16603.748406151914	-1487.7468066319789
-27333.136940662836	-16677.67300042951	-1655.6819453878352
-27286.397838201163	-16750.8712153145	-1823.5440493129345
-27238.472094119403	-16823.340408626693	-1991.325922089522
-27189.36259017176	-16895.077954692977	-2159.020381356781
-27139.07222234975	-16966.081244067536	-2326.6202582696956
-27087.603900896003	-17036.347683214583	-2494.1183969533818
-27034.96055031897	-17105.874694218288	-2661.5076540021378
-26981.145109414712	-17174.659714508154	-2828.7808979975634
-26926.16053132271	-17242.700196565194	-2995.931008961795
-26870.0097835748	-17309.99360766292	-3162.9508778756285
-26812.695848165426	-17376.53742960526	-3329.833406171103
-26754.22172164211	-17442.329158464974	-3496.571505205334
-26694.59041519357	-17507.36630434817	-3663.1580957804717
-26633.804954771378	-17571.646391144113	-3829.5861076066326
-26571.868381201763	-17635.16695630866	-3995.84847883079
-26508.78375032375	-17697.92555064069	-4161.938155528493
-26444.55413314808	-17759.919738060038	-4327.848091178162
-26379.182616006758	-17821.147095415934	-4493.571246195488
-26312.672300732236	-17881.60521228687	-4659.100587425041
-26245.026304846902	-17941.291690791862	-4824.429087640946
-26176.24776176255	-18000.20414541292	-4989.549725056838
-26106.339820981197	-18058.34020283542	-5154.4554828645
-26035.305648334735	-18115.697501774506	-5319.13934871168
-25963.148426212792	-18172.273692831222	-5483.594314241197
-25889.87135380171	-18228.06643835728	-5647.813374633688
-25815.477647360596	-18283.073412309124	-5811.789528096891
-25739.97054048405	-18337.292300131307	-5975.515775416739
-25663.35328437851	-18390.72079864636	-6138.985119506382
-25585.62914816769	-18443.35661594151	-6302.190564921819
-25506.80141919169	-18495.197471277435	-6465.125117420642
-25426.873403319743	-18546.24109500412	-6627.781783519515
-25345.84842527995	-18596.48522848207	-6790.153570044373
-25263.729829003147	-18645.927624011387	-6952.233483680033
-25180.52097795833	-18694.566044781855	-7114.014530563428
-25096.225255520556	-18742.39826481915	-7275.489715838795
-25010.8460653364	-18789.422068948286	-7436.652043244354
-24924.3868317027	-18835.635252764885	-7597.494514699199
-24836.85099995508	-18881.035622616044	-7758.010129896895
-24748.242036866242	-18925.620995590936	-7918.191885906023
-24658.563431057308	-18969.389199519486	-8078.032776771697
-24567.8186934045	-19012.338072987546	-8237.525793149216
-24476.011357479445	-19054.465465349986	-8396.663921901914
-24383.14497997761	-19095.76923676386	-8555.440145744034
-24289.22314115508	-19136.247258230957	-8713.847442891396
-24194.249445303038	-19175.897411637663	-8871.878786671165
-24098.227521176064	-19214.71758982813	-9029.527145232076
-24001.161022498156	-19252.705696657846	-9186.78548114681
-23903.05362840671	-19289.85964708606	-9343.646751139404
-23803.909043967673	-19326.177367252636	-9500.103905717944
-23703.731000637894	-19361.65679458803	-9656.149888913718
-23602.523256791945	-19396.29587791166	-9811.777637938783
-27538.695081877722	-16227.488119449228	-684.3543388198696
-27499.220055501006	-16306.219847244076	-852.3203897177555
-27458.539032250723	-16384.235528927507	-1020.2475279392274
-27416.65494266041	-16461.532419278527	-1188.1284185039303
-27373.570732224405	-16538.10779387858	-1355.9557466586339
-27329.28936123458	-16613.95894869471	-1523.7222173420805
-27283.81380460043	-16689.08319972472	-1691.420554768314
-27237.147051710002	-16763.477882601015	-1859.0435019028127
-27189.292106288274	-16837.14035222985	-2026.5838199995542
-27140.25198627079	-16910.0679824333	-2194.0342881282004
-27090.02972370271	-16982.258165580566	-2361.3877026594128
-27038.62836463902	-17053.7083122455	-2528.636876792459
-26986.050969072276	-17124.415850851077	-2695.7746400349783
-26932.300610854734	-17194.378227348083	-2862.7938377449236
-26877.380377654055	-17263.592904872905	-3029.6873306057682
-26821.29337091546	-17332.057363423464	-3196.4479941256923
-26764.042705833264	-17399.769099547273	-3363.06871814797
-26705.631511347157	-17466.72562602345	-3529.5424063277674
-26646.062930136817	-17532.92447157029	-3695.8619756528865
-26585.34011864817	-17598.36318053939	-3862.020355912076
-26523.46624711987	-17663.039312632805	-4028.0104892013587
-26460.44449962289	-17726.95044262749	-4193.825329429913
-26396.278074128153	-17790.094160092485	-4359.457841787238
-26330.970182575966	-17852.468069126557	-4524.901002242603
-26264.52405095589	-17914.069788106015	-4690.147797051215
-26196.942919404748	-17974.896949435395	-4855.1912222481205
-26128.23004232858	-18034.947199297072	-5020.024283117366
-26058.38868851692	-18094.21819742798	-5184.639993713488
-25987.422141277373	-18152.707616897198	-5349.031376365043
-25915.33369860263	-18210.41314387612	-5513.191461135069
-25842.126673311766	-18267.332477448937	-5677.113285372699
-25767.804393251678	-18323.46332939343	-5840.789893158482
-25692.370201460275	-18378.803424010403	-6004.214334866599
-25615.82745638783	-18433.35049792661	-6167.379666627854
-25538.179532093058	-18487.102299934682	-6330.27894987801
-25459.429818489934	-18540.05659081428	-6492.9052508267605
-25379.581721564795	-18592.211143191664	-6655.251640018577
-25298.638663644797	-18643.563741381236	-6817.311191814884
-25216.604083644575	-18694.112181258766	-6979.0769839494005
-25133.481437346156	-18743.85427012937	-7140.542097043244
-25049.274197690993	-18792.78782660516	-7301.699614124411
-24963.985855067396	-18840.91068050178	-7462.54262018301
-24877.619917625416	-18888.22067273463	-7623.064201699827
-24790.179911589817	-18934.71565523206	-7783.257446204797
-24701.669381597447	-18980.393490850554	-7943.115441815642
-24612.091891035583	-19025.25205330508	-8102.631276800602
-24521.451022390724	-19069.289227108693	-8261.798039146643
-24429.75037762576	-19112.502907513364	-8420.608816102644
-24336.99357853955	-19154.891000474196	-8579.056693778071
-24243.184267143166	-19196.45142261936	-8737.134756735297
-24148.32610608284	-19237.182101213806	-8894.836087527168
-24052.42277901862	-19277.080974157165	-9052.153766333353
-23955.47799104523	-19316.145989976725	-9209.08087054829
-23857.495469115373	-19354.375107833428	-9365.610474388577
-23758.47896247248	-19391.766297537848	-9521.735648507702
-23658.43224310438	-19428.31753957177	-9677.449459600275
-23557.35910616746	-19464.026825133962	-9832.744970074378
-23455.263370473687	-19498.892156175865	-9987.615237647373
-27473.118360460212	-16251.584765806048	-768.8748762152445
-27433.416639144292	-16331.345721911546	-936.6509396049141
-27392.506635585607	-16410.386812210538	-1104.3848245462395
-27350.391420589494	-16488.705241297335	-1272.0690729332755
-27307.074082004972	-16566.298238418916	-1439.696250971142
-27262.55772439344	-16643.163057080383	-1607.2589488419799
-27216.84546874565	-16719.296974591423	-1774.74978022897
-27169.940452184364	-16794.69729166725	-1942.1613819429786
-27121.84582769218	-16869.36133201254	-2109.4864134977543
-27072.56476386683	-16943.286441889853	-2276.7175566338383
-27022.100444661064	-17016.469989738456	-2443.847514939487
-26970.456069168293	-17088.909365749045	-2610.8690133564587
-26917.63485139374	-17160.601981485834	-2777.7747977768486
-26863.640020062994	-17231.545269479702	-2944.5576345574655
-26808.47481842892	-17301.736682848797	-3111.210310080688
-26752.142504107225	-17371.173694905225	-3277.7256302655464
-26694.646348902712	-17439.853798796797	-3444.096420145036
-26635.98963868421	-17507.774507111328	-3610.3155233363195
-26576.17567323664	-17574.9333515321	-3776.3758016161655
-26515.207766153453	-17641.327882467103	-3942.270134415534
-26453.08924473462	-17706.955668695027	-4107.991418336347
-26389.823449893855	-17771.814297022378	-4273.532566677808
-26325.413736089366	-17835.9013719366	-4438.886508934062
-26259.863471264136	-17899.21451527086	-4604.046190301922
-26193.176036795063	-17961.751365880133	-4769.004571198871
-26125.354827466126	-18023.509579314075	-4933.754626753178
-26056.403251445267	-18084.486827506487	-5098.289346317566
-25986.324730291162	-18144.680798457364	-5262.601732942865
-25915.12269894987	-18204.08919594336	-5426.684802907483
-25842.800605783734	-18262.709739218677	-5590.531585200973
-25769.3619126147	-18320.540162723635	-5754.13512100666
-25694.810094767232	-18377.578215812002	-5917.4884632152425
-25619.148641136	-18433.821662476636	-6080.584675912435
-25542.381054270387	-18489.26828108082	-6243.416833860062
-25464.5108504579	-18543.91586410826	-6405.978022008772
-25385.54155983258	-18597.762217912124	-6568.261334985609
-25305.476726493962	-18650.80516247426	-6730.2598765884
-25224.319908648853	-18703.042531166466	-6891.966759262045
-25142.07467873497	-18754.47217054037	-7053.3751036385665
-25058.74462360159	-18805.091940096947	-7214.4780379904205
-24974.333344675277	-18854.89971208304	-7375.268697741881
-24888.844458131447	-18903.893371299753	-7535.740224994418
-24802.281595115	-18952.070814898296	-7695.885767985432
-24714.648401927552	-18999.429952211343	-7855.698480636458
-24625.948540270605	-19045.96870456852	-8015.171522022878
-24536.185687467776	-19091.685005139567	-8174.298055908499
-24445.363536716188	-19136.576798776947	-8333.071250251938
-24353.485797346868	-19180.642041869425	-8491.484276722405
-24260.556195100995	-19223.87870220308	-8649.530310212762
-24166.578472414898	-19266.28475883335	-8807.202528362439
-24071.5563887058	-19307.85820197106	-8964.494111102504
-23975.493720698767	-19348.597032864756	-9121.398240155977
-23878.394262728663	-19388.499263708705	-9277.908098603579
-23780.26182708317	-19427.562917547413	-9434.016870405256
-23681.1002443463	-19465.786028194627	-9589.717739944912
-23580.913363749387	-19503.166640163432	-9745.003891586228
-23479.705053532984	-19539.70280860575	-9899.868509233678
-23377.479201331502	-19575.392599257342	-10054.304775881084
-23274.239714565138	-19610.23408839419	-10208.30587317207
-27429.20134089438	-16216.823900618985	-736.5102802622087
-27390.164897300703	-16298.109766833766	-904.142892277695
-27349.915666436755	-16378.673903847655	-1071.7353440882362
-27308.45682813171	-16458.51348834464	-1239.2801193261557
-27265.79157979794	-16537.625723284684	-1406.769727762632
-27221.923136080262	-16616.007837473906	-1574.1967049387222
-27176.854728525264	-16693.65708512589	-1741.553611763462
-27130.589605262914	-16770.570745429635	-1908.8330341112187
-27083.131030705805	-16846.746122115437	-2076.027582399395
-27034.482285251663	-16922.180543042374	-2243.129891197964
-26984.646665016106	-16996.87135976349	-2410.1326187749
-26933.627481561016	-17070.815947124353	-2577.028446699611
-26881.42806164982	-17144.011702845644	-2743.8100793955646
-26828.05174701741	-17216.456047110656	-2910.4702436872676
-26773.50189414408	-17288.146422171598	-3077.0016883738845
-26717.781874055825	-17359.080291944003	-3243.3971837592153
-26660.895072121813	-17429.255141628284	-3409.649521228025
-26602.84488789179	-17498.668477303636	-3575.751512740805
-26543.634734919564	-17567.317825562834	-3741.6959904073774
-26483.268040617764	-17635.200733130656	-3907.475806005062
-26421.74824612725	-17702.314766488285	-4073.083830492925
-26359.078806189093	-17768.65751151673	-4238.512953554326
-26295.263189039597	-17834.22657313549	-4403.756083110407
-26230.3048763224	-17899.019574945138	-4568.806144824053
-26164.207362999536	-17963.034158891143	-4733.656081639156
-26096.97415729655	-18026.267984914062	-4898.298853266159
-26028.60878064396	-18088.718730623666	-5062.727435709784
-25959.114767648152	-18150.384090965013	-5226.934820756332
-25888.495666057694	-18211.261777908232	-5390.91401550356
-25816.75503676768	-18271.349520123695	-5554.658041831655
-25743.89645380513	-18330.645062692525	-5718.159935948917
-25669.923504375332	-18389.146166784725	-5881.412747828445
-25594.83978886307	-18446.850609393034	-6044.409540776913
-25518.64892090112	-18503.756183030626	-6207.143390882319
-25441.354527421205	-18559.860695461528	-6369.607386530905
-25362.960248726948	-18615.1619694317	-6531.794627904861
-25283.469738580265	-18669.657842407967	-6693.69822648005
-25202.886664304297	-18723.34616632267	-6855.311304517747
-25121.21470689355	-18776.22480733059	-7016.626994569473
-25038.45756113701	-18828.29164557377	-7177.638438982534
-24954.618935767212	-18879.54457494639	-7338.338789381577
-24869.702553603343	-18929.981502880262	-7498.721206188948
-24783.71215172659	-18979.600350126526	-7658.778858109077
-24696.651481645364	-19028.399050559656	-7818.504921658207
-24608.524309499873	-19076.37555097451	-7977.892580646374
-24519.334416255922	-19123.527810905427	-8136.93502570508
-24429.085597928217	-19169.853802444693	-8295.625453786475
-24337.781665809434	-19215.35151007368	-8453.957067677671
-24245.426446704492	-19260.01893050634	-8611.923075530276
-24152.02378318745	-19303.85407253631	-8769.51669037464
-24057.577533874475	-19346.85495689162	-8926.73112963152
-23962.091573690668	-19389.019616107063	-9083.55961465802
-23865.569794159273	-19430.346094400436	-9239.995370278932
-23768.016103721726	-19470.832447550376	-9396.031624292089
-23669.434428024277	-19510.47674280274	-9551.661607050837
-23569.82871025721	-19549.27705876876	-9706.878550984395
-23469.202911486685	-19587.23148534072	-9861.675690153388
-23367.561011013346	-19624.33812361135	-10016.046259786493
-23264.907006698762	-19660.59508581872	-10169.983495888246
-23161.244915377472	-19696.00049527348	-10323.4806347387
-27332.444393891885	-16282.626765787934	-918.4163138351942
-27292.555991677636	-16364.515885709652	-1085.8696508440753
-27251.45442528669	-16445.67761568826	-1253.2747506169217
-27209.142976712476	-16526.10922450114	-1420.6242362560697
-27165.624943652696	-16605.808000346202	-1587.9107474719685
-27120.90363957707	-16684.771250587328	-1755.1269401142918
-27074.98239381217	-16762.996301499526	-1922.2654856869367
-27027.86455165688	-16840.480497993787	-2089.319070802365
-26979.553474479384	-16917.221203405392	-2256.2803967544032
-26930.052539858498	-16993.215799238144	-2423.142178979814
-26879.365080782434	-17068.46177392014	-2589.8973446833315
-26827.494308820722	-17142.95681696283	-2756.5392538103224
-26774.443644428455	-17216.69833740692	-2923.060626424649
-26720.216540613488	-17289.68374272417	-3089.4541501950725
-26664.81646608538	-17361.910463528904	-3255.712535347325
-26608.246905047734	-17433.375953190858	-3421.828514236263
-26550.51135699752	-17504.07768746115	-3587.794840932521
-26491.613336557908	-17574.013164078737	-3753.60429074723
-26431.556373300824	-17643.179902412234	-3919.2496598227926
-26370.344011596033	-17711.575443090627	-4084.7237646813473
-26307.9798104743	-17779.197347639645	-4250.019441769534
-26244.46734350443	-17846.04319812404	-4415.129546999831
-26179.810198676776	-17912.110596803424	-4580.046955307724
-26114.01197830232	-17977.397165791266	-4744.76456019949
-26047.076298938166	-18041.90054670738	-4909.275273265463
-25979.006791309206	-18105.618400354557	-5073.572023735314
-25909.807100245096	-18168.548406398535	-5237.64775802461
-25839.480884654946	-18230.688263032676	-5401.495439222346
-25768.031817478375	-18292.035686683535	-5565.108046665456
-25695.46358567633	-18352.588411698558	-5728.478575448352
-25621.779890227568	-18412.344190048243	-5891.600035950255
-25546.984446132476	-18471.300791039663	-6054.465453374024
-25471.080982450465	-18529.45600102119	-6217.0678672400845
-25394.07324231875	-18586.80762311957	-6379.400330949112
-25315.964983010163	-18643.353476963704	-6541.455911287665
-25236.759975995472	-18699.09139842282	-6703.227687952637
-25156.462007018752	-18754.01923935225	-6864.708753075911
-25075.074876182447	-18808.134867348912	-7025.8922107556145
-24992.602398051436	-18861.436165510306	-7186.771176575532
-24909.048401763604	-18913.921032205628	-7347.338777137866
-24824.416731162688	-18965.587380848636	-7507.588149578438
-24738.711244927486	-19016.433139688797	-7667.512441114354
-24651.935816736524	-19066.45625159657	-7827.104808549796
-24564.09433541172	-19115.65467387659	-7986.358417845598
-24475.190705118	-19164.02637806386	-8145.2664436104205
-24385.228845534704	-19211.56934975173	-8303.822068668502
-24294.21269205906	-19258.281588416572	-8462.018483592741
-24202.146196032645	-19304.16110724597	-8619.848886222313
-24109.033324937107	-19349.20593299722	-8777.306481256832
-24014.87806266201	-19393.414105834036	-8934.3844797496
-23919.6844097197	-19436.78367920392	-9091.076098714379
-23823.456383536934	-19479.312719693207	-9247.374560626075
-23726.19801870321	-19520.99930691696	-9403.27309301677
-23627.913367251756	-19561.841533407183	-9558.764928039194
-23528.60649896716	-19601.837504504118	-9713.843302010564
-23428.281501677448	-19640.985338267943	-9868.501455003356
-23326.94248157207	-19679.283165393263	-10022.732630416716
-23224.593563514816	-19716.729129138806	-10176.530074576855
-23121.23889140275	-19753.321385253264	-10329.887036288994
-23016.882628492167	-19789.058101926745	-10482.796766460526
-27257.50596379875	-16286.913763531637	-979.7352100565386
-27217.66106671045	-16369.943385874705	-1147.1069957233212
-27176.59990730856	-16452.24071596406	-1314.4262941555326
-27134.325929094386	-16533.80305674394	-1481.6857168158385
-27090.84258855407	-16614.627734468646	-1648.8779002048468
-27046.15335497633	-16694.712098303386	-1815.9955053959193
-27000.261710304327	-16774.05351989464	-1983.0312174908713
-26953.171148991205	-16852.649392969124	-2149.9777451175523
-26904.885177873504	-16930.49713293354	-2316.827819912386
-26855.407316059365	-17007.594176481507	-2483.57419600085
-26804.74109483148	-17083.937981207822	-2650.2096494761345
-26752.890057564557	-17159.526025230076	-2816.7269778762848
-26699.857759663497	-17234.35580680932	-2983.1189996409503
-26645.64776849589	-17308.424844007084	-3149.3785536307796
-26590.263663366975	-17381.730674309907	-3315.498498556978
-26533.70903548882	-17454.270854290593	-3481.47171247398
-26475.98748796516	-17526.0429592742	-3647.2910922655674
-26417.102635808045	-17597.044582990176	-3812.949553080097
-26357.058105939774	-17667.273337268565	-3978.4400278487146
-26295.857537232943	-17736.726851714127	-4143.755466734147
-26233.504580553265	-17805.402773402737	-4308.888836612097
-26170.002898825664	-17873.29876657574	-4473.833120528296
-26105.35616708948	-17940.412512369025	-4638.581317220318
-26039.568072598653	-18006.741708516725	-4803.126440558463
-25972.642314921	-18072.284069079706	-4967.461519026545
-25904.582606037577	-18137.03732419535	-5131.57959523639
-25835.392670483303	-18200.999219808473	-5295.473725374961
-25765.076245471973	-18264.16751743899	-5459.136978723693
-25693.63708105503	-18326.539993938648	-5622.562437129984
-25621.078940288055	-18388.114441262198	-5785.743194494454
-25547.40559939571	-18448.888666259696	-5948.672356292966
-25472.620847965434	-18508.86049046358	-6111.343039064312
-25396.728489150955	-18568.0277498878	-6273.748369908035
-25319.73233988799	-18626.388294836514	-6435.881485986263
-25241.636231104003	-18683.939989735856	-6597.735534067415
-25162.444007969134	-18740.680712952464	-6759.303670011597
-25082.1595301413	-18796.608356635505	-6920.579058298437
-25000.786672012884	-18851.720826574536	-7081.554871578437
-24918.329323002985	-18906.016042043357	-7242.224290160884
-24834.791387823527	-18959.49193567966	-7402.580501582035
-24750.176786768112	-19012.146453365443	-7562.616700153832
-24664.489456031413	-19063.97755410512	-7722.326086481261
-24577.733348009933	-19114.9832099321	-7881.70186704165
-24489.91243162925	-19165.16140581495	-8040.737253739175
-24401.030692685134	-19214.510139571743	-8199.425463459771
-24311.092134174112	-19263.02742180596	-8357.75971766967
-24220.10077665418	-19310.71127584072	-8515.733241983897
-24128.060658619113	-19357.559737661522	-8673.339265735838
-24034.975836853973	-19403.5708558838	-8830.571021603202
-23940.850386824273	-19448.742691717485	-8987.421745198548
-23845.68840307462	-19493.073318941937	-9143.884674667679
-23749.49399961415	-19536.560823901433	-9299.953050332493
-23652.271310340002	-19579.203305496896	-9455.620114293333
-23554.024489443233	-19620.9988751997	-9610.879110082156
-23454.757711841616	-19661.94565706715	-9765.723282293962
-23354.475173613064	-19702.041787771534	-9920.145876239107
-23253.181092424926	-19741.285416643797	-10074.1401376224
-23150.879707994125	-19779.674705717884	-10227.699312195358
-23047.575282547168	-19817.207829788644	-10380.816645429872
-22943.27210126725	-19853.882976487002	-10533.485382231012
-22837.974472775953	-19889.698346354835	-10685.698766617814
-27165.92406010108	-16311.741054709597	-1089.5105201011356
-27125.806273507027	-16395.704792209584	-1256.8491095696336
-27084.468962445048	-16478.931410991743	-1424.1311948630819
-27041.915695489508	-16561.418211712433	-1591.3493481546902
-26998.150055375474	-16643.162517086825	-1758.4961633814128
-26953.175638988832	-16724.161671555208	-1925.5642557310975
-26906.996057379165	-16804.41304094311	-2092.5462610994236
-26859.614935774916	-16883.914012152105	-2259.434835592917
-26811.03591361527	-16962.66199285352	-2426.2226550213272
-26761.262644602954	-17040.654411179345	-2592.9024143668994
-26710.298796763615	-17117.88871543477	-2759.466827281547
-26658.14805251617	-17194.362373822878	-2925.9086255931743
-26604.814108763978	-17270.072874167054	-3092.2205587896824
-26550.30067699532	-17345.017723648954	-3258.3953935189757
-26494.611465338447	-17419.194472235275	-3424.42596634616
-26437.750153356534	-17492.600741008653	-3590.3052507036473
-26379.720497870727	-17565.234083610554	-3756.026045140162
-26320.526275035012	-17637.092067896356	-3921.581153053711
-26260.17127434974	-17708.17228351914	-4086.9633999296866
-26198.65929854303	-17778.47234159359	-4252.165632921894
-26135.994163504827	-17847.989874320083	-4417.180720324061
-26072.179698197255	-17916.72253465889	-4582.00155114105
-26007.21974461675	-17984.667995968586	-4746.621034557445
-25941.118157736048	-18051.823951688766	-4911.032099493619
-25873.87880548416	-18118.188115003595	-5075.227694097708
-25805.505568716984	-18183.758218535993	-5239.200785293801
-25736.00234123223	-18248.532014018572	-5402.944358254047
-25665.373029763974	-18312.50727200527	-5566.451415952653
-25593.621554010948	-18375.681781570143	-5729.714978669532
-25520.751846678526	-18438.053350014354	-5892.728083494363
-25446.76785351411	-18499.619802597816	-6055.48378387527
-25371.673533392004	-18560.37898224768	-6217.9751490866765
-25295.472858359863	-18620.328749317636	-6380.195263811242
-25218.16981375239	-18679.46698131052	-6542.13722760395
-25139.76839827412	-18737.791572644266	-6703.794154451765
-25060.272624124118	-18795.30043440311	-6865.159172272535
-24979.68651711209	-18851.99149411311	-7026.225422459649
-24898.014116795464	-18907.862695519154	-7186.986059410198
-24815.259476644722	-18962.91199836002	-7347.43425002465
-24731.42666417957	-19017.137378180065	-7507.56317329001
-24646.519761161177	-19070.536826119354	-7667.3660197789795
-24560.542863777613	-19123.10834872595	-7826.835991189715
-24473.500082823874	-19174.84996778687	-7985.966299919762
-24385.395543923052	-19225.759720149526	-8144.750168588074
-24296.233387752818	-19275.835657556676	-8303.18082957341
-24206.017770251954	-19325.07584650787	-8461.251524612082
-24114.752862885958	-19373.47836810264	-8618.955504314046
-24022.442852885655	-19421.041317914245	-8776.286027751063
-23929.091943517407	-19467.762805861174	-8933.236362012904
-23834.704354356934	-19513.64095609171	-9089.799781780792
-23739.284321555067	-19558.673906886535	-9245.96956893631
-23642.836098168762	-19602.859810544272	-9401.739012084849
-23545.363954428714	-19646.19683331155	-9557.101406205828
-23446.872178079717	-19688.68315529295	-9712.05005220596
-23347.365074682006	-19730.31697039248	-9866.578256556928
-23246.84696796769	-19771.096486244605	-10020.679330867197
-23145.322200168514	-19811.019924171356	-10174.346591520363
-23042.79513237179	-19850.085519140644	-10327.573359290142
-22939.270144885606	-19888.29151973444	-10480.352958962309
-22834.751637609028	-19925.6361881281	-10632.678718969737
-22729.244030394526	-19962.11780008501	-10784.543971058223
-22622.751763459382	-19997.734644946308	-10935.942049900752
-27056.122310673178	-16357.762131207206	-1248.6385079196407
-27015.407199023815	-16442.442797277017	-1415.9915434074246
-26973.470341249526	-16526.379284692888	-1583.279636533549
-26930.315495927112	-16609.568914019754	-1750.4952934775347
-26885.946434654787	-16692.009032534585	-1917.6310501904354
-26840.36694180384	-16773.697013756184	-2084.6794718878064
-26793.580814277062	-16854.63025699661	-2251.6331525700725
-26745.591861292593	-16934.806186900172	-2418.48471450116
-26696.40390416855	-17014.222253013257	-2585.226807734067
-26646.02077614666	-17092.87592932135	-2751.8521095509623
-26594.446322199317	-17170.764713843913	-2918.3533240076385
-26541.684398883644	-17247.886128185135	-3084.723181367747
-26487.738874183695	-17324.23771713332	-3250.9544376229933
-26432.613627387	-17399.817048237805	-3417.0398739478514
-26376.312548961825	-17474.621711413496	-3582.97229619655
-26318.839540459423	-17548.64931853833	-3748.744534366713
-26260.198514426924	-17621.89750306401	-3914.349442074199
-26200.39339433244	-17694.363919637086	-4079.7798960330347
-26139.428114506794	-17766.046243724893	-4245.028795528113
-26077.3066200995	-17836.942171249302	-4410.089061887192
-26014.03286705406	-17907.04941822304	-4574.953637939904
-25949.610822085397	-17976.36572040765	-4739.615487508114
-25884.044462683338	-18044.888832966033	-4904.067594864868
-25817.33777712283	-18112.616530131323	-5068.302964212606
-25749.494764493003	-18179.546604878877	-5232.314619149416
-25680.519434734924	-18245.67686861197	-5396.095602148722
-25610.41580869547	-18311.00515085336	-5559.63897403383
-25539.187918200205	-18375.529298940615	-5722.937813441286
-25466.839806123364	-18439.247177745125	-5885.9852163235255
-25393.375526492855	-18502.156669380056	-6048.774295403201
-25318.799144594996	-18564.25567292976	-6211.298179661052
-25243.114737086154	-18625.542104192795	-6373.5500138385805
-25166.326392140232	-18686.01389541487	-6535.52295789335
-25088.43820958306	-18745.66899505252	-6697.210186513403
-25009.454301053644	-18804.505367533973	-6858.604888603532
-24929.37879018123	-18862.52099302732	-7019.700266768701
-24848.215812759423	-18919.713867229362	-7180.489536832181
-24765.96951695085	-18976.082001150455	-7340.965927320214
-24682.644063478645	-19031.623420926353	-7501.122679000306
-24598.243625867897	-19086.336167613623	-7660.953044349522
-24512.772390660655	-19140.218297020725	-7820.4502871016275
-24426.234557661362	-19193.267879535644	-7979.60768176175
-24338.634340197234	-19245.482999961452	-8138.418513120014
-24249.975965369722	-19296.86175737384	-8296.876075807193
-24160.263674347265	-19347.402264970275	-8454.973673800576
-24069.501722631303	-19397.102649950935	-8612.704620002876
-23977.69438038149	-19445.9610533822	-8770.06223574142
-23884.845932691824	-19493.97563010288	-8927.03985037721
-23790.96067993336	-19541.144548609762	-9083.630800822722
-23696.04293806809	-19587.465990974106	-9239.828431133225
-23600.097038997807	-19632.9381527551	-9395.626092062315
-23503.12733090083	-19677.5592429343	-9551.017140660735
-23405.138178596528	-19721.327483851135	-9705.994939852086
-23306.1339639081	-19764.241111153868	-9860.552858034027
-23206.119086045863	-19806.298373755602	-10014.684268669042
-23105.09796197243	-19847.497533811915	-10168.382549924796
-23003.07502681907	-19887.83686669056	-10321.641084256718
-22900.054734279875	-19927.3146609647	-10474.453258046648
-22796.04155700972	-19965.929218417285	-10626.812461255513
-22691.03998706225	-20003.67885404348	-10778.712087037235
-22585.05453629567	-20040.56189607832	-10930.145531420454
-22478.089736818238	-20076.57668602249	-11081.106192951915
-26971.458236947827	-16336.312803777513	-1285.8567736384211
-26931.121943138158	-16422.221409721726	-1453.3567492034144
-26889.557902827117	-16507.381696698234	-1620.7901893837134
-26846.769966654647	-16591.791017775293	-1788.1495346466254
-26802.76200772111	-16675.44674623883	-1955.427260372946
-26757.537920933177	-16758.34627566264	-2122.6158761410097
-26711.101622354436	-16840.48701996891	-2289.7079249889503
-26663.457048565277	-16921.866413473123	-2456.695982642492
-26614.608156006085	-17002.48191095936	-2623.572656802441
-26564.558920346295	-17082.330987711928	-2790.3305863408423
-26513.313335844858	-17161.411139564956	-2956.9624405314808
-26460.875414712522	-17239.71988295102	-3123.4609182769045
-26407.249186482026	-17317.25475493978	-3289.81874731304
-26352.43869738742	-17394.013313266798	-3456.0286833912305
-26296.448009745138	-17469.993136364545	-3622.083509462901
-26239.28120133216	-17545.191823400673	-3787.976034879366
-26180.942364791947	-17619.606994283517	-3953.699094518549
-26121.435607023715	-17693.236289695164	-4119.245547970848
-26060.765048598892	-17766.077371094834	-4284.608278658216
-25998.934823167496	-17838.127920740713	-4449.780192993368
-25935.949076886372	-17909.38564169091	-4614.754219491129
-25871.811967854635	-17979.848257803416	-4779.52330787589
-25806.527665553695	-18049.513513737624	-4944.080428191532
-25740.100350299643	-18118.379174949154	-5108.418569894942
-25672.534212703562	-18186.443027683385	-5272.53074094576
-25603.833453147887	-18253.702878960037	-5436.409966873535
-25534.002281277313	-18320.156556551676	-5600.04928982877
-25463.044915485905	-18385.801908973946	-5763.441767661628
-25390.965582432433	-18450.636805456867	-5926.580472953285
-25317.768516563694	-18514.659135917926	-6089.458492050177
-25243.4579596573	-18577.86681092713	-6252.068924076181
-25168.03816036158	-18640.257761683533	-6414.404879972851
-25091.51337376396	-18701.82993997625	-6576.459481499033
-25013.887860983814	-18762.581318135926	-6738.225860202783
-24935.165888754622	-18822.509889004687	-6899.697156440277
-24855.351729039623	-18881.613665889156	-7060.866518348485
-24774.4496586738	-18939.890682504487	-7221.727100790686
-24692.463958995617	-18997.3389929367	-7382.272064349321
-24609.398915517635	-19053.956671586817	-7542.494574267155
-24525.25881760949	-19109.74181311784	-7702.387799392851
-24440.047958202722	-19164.69253239772	-7861.9449111124995
-24353.77063350178	-19218.80696444949	-8021.15908229825
-24266.431142737747	-19272.083264385074	-8180.023486206528
-24178.03378791907	-19324.519607352828	-8338.531295412198
-24088.582873616208	-19376.11418847566	-8496.675680711345
-23998.082706764104	-19426.86522279059	-8654.449810023694
-23906.537596486192	-19476.7709451877	-8811.846847288743
-23813.95195107698	-19525.829571842096	-8968.860049454215
-23720.330672986987	-19574.039145548955	-9125.48317264301
-23625.67831385127	-19621.397872410515	-9281.709630512494
-23529.999364916075	-19667.904004181913	-9437.532776176164
-23433.298330959067	-19713.555808672692	-9592.945975458646
-23335.579730483525	-19758.351569565995	-9747.942606446746
-23236.84809590856	-19802.289586253286	-9902.516059067855
-23137.1079738084	-19845.36817366069	-10056.659734612196
-23036.36392512102	-19887.585662103214	-10210.367045324929
-22934.62052539817	-19928.940397134334	-10363.63141395456
-22831.882365043002	-19969.43073941455	-10516.44627334152
-22728.154049581673	-20009.0550645793	-10668.80506597568
-22623.440199934063	-20047.81176312114	-10820.701243576637
-22517.745452682353	-20085.69924028551	-10972.12826669667
-22411.07446037408	-20122.715915966623	-11123.07960429354
-22303.431891814827	-20158.860224620235	-11273.54873333824
-26891.031873315405	-16311.137028986388	-1312.1268645838154
-26851.16459568595	-16398.271524450392	-1479.8203911790897
-26810.064209920743	-16484.65306709669	-1647.4460984247526
-26767.757131747385	-16570.234611288364	-1814.909204175865
-26724.227947425414	-16655.055616080812	-1982.283337094872
-26679.472815038167	-16739.1283983487	-2149.590631110401
-26633.496170693183	-16822.44851045012	-2316.820424208805
-26586.302558738353	-16905.011582670086	-2483.962078359942
-26537.896630989868	-16986.813323774615	-2651.0049810375112
-26488.283145955455	-17067.84952151673	-2817.9385466702897
-26437.466968017696	-17148.116043156202	-2984.752218149255
-26385.45306660413	-17227.608835946354	-3151.435468296064
-26332.246515333878	-17306.32392760644	-3317.977801330123
-26277.852491142905	-17384.257426776407	-3484.368754327479
-26222.2762733901	-17461.40552345084	-3650.5978986648415
-26165.523242932162	-17537.764489409717	-3816.6548414860026
-26107.598881198785	-17613.330678601906	-3982.5292270960017
-26048.508769226784	-17688.100527539795	-4148.210738408229
-25988.267873774457	-17762.059323335685	-4313.663849580898
-25926.86929508349	-17835.21953936228	-4478.913610382843
-25864.305084401985	-17907.59323400423	-4643.985356634753
-25800.580212802477	-17979.176565172613	-4808.868880745901
-25735.69975173461	-18049.965767180984	-4973.5540036707225
-25669.668872252103	-18119.957151200113	-5138.030576278633
-25602.492844209948	-18189.14710570762	-5302.288480742111
-25534.177035446537	-18257.532096915904	-5466.317631905013
-25464.726910932914	-18325.108669196754	-5630.10797867449
-25394.148031931316	-18391.87344546089	-5793.649505336128
-25322.446055097702	-18457.823127557174	-5956.932232948156
-25249.626731597036	-18522.954496624217	-6119.946220651856
-25175.695906172783	-18587.264413450535	-6282.681567035174
-25100.659516231342	-18650.749818787994	-6445.128411411987
-25024.522292673275	-18713.408787412463	-6607.2796776485575
-24947.267089141737	-18775.256706169945	-6769.173827039239
-24868.91410061451	-18836.27843669186	-6930.770107677571
-24789.467749569812	-18896.472030106328	-7092.0616774369555
-24708.932469916035	-18955.835556245394	-7253.041712686379
-24627.312707087327	-19014.367103401222	-7413.703407835213
-24544.6129181853	-19072.0647780661	-7574.039974812885
-24460.837572098666	-19128.926704706326	-7734.044642619622
-24375.991149653233	-19184.95102553149	-7893.710656843424
-24290.078143780564	-19240.135900268724	-8053.031279168429
-24203.103059678782	-19294.479505959203	-8211.999786923952
-24115.07041499437	-19347.98003675715	-8370.609472619073
-24025.98474002554	-19400.635703732103	-8528.853643463191
-23935.850577909576	-19452.444734696957	-8686.725620939922
-23844.67248485171	-19503.405374026825	-8844.218740330716
-23752.455030355042	-19553.515882493917	-9001.326350261876
-23659.203325657065	-19602.774180030596	-9158.042228695114
-23564.92334872929	-19651.177638265166	-9314.360834246207
-23469.618978045914	-19698.725079902557	-9470.274966381601
-23373.29408833001	-19745.415344382545	-9625.777425422957
-23275.952719766872	-19791.247175313907	-9780.86114718192
-23177.59906714161	-19836.21923011221	-9935.519195314373
-23078.23746881318	-19880.330089493622	-10089.744753464274
-22977.8723955834	-19923.5782668013	-10243.531117123179
-22876.508439429123	-19965.962217183474	-10396.871685275557
-22774.15030216544	-20007.480346598262	-10549.759951745316
-22670.802783971194	-20048.131020678746	-10702.189496366978
-22566.470771900687	-20087.91257341173	-10854.15397581477
-22461.159228304845	-20126.82331566773	-11005.647114225487
-22354.873179193924	-20164.861543572755	-11156.66269358457
-22247.617702595886	-20202.025546706976	-11307.19454381654
-22139.397916891867	-20238.313616143387	-11457.236532626886
-26799.53933503085	-16388.616538128987	-1511.4911553423426
-26758.82596101636	-16475.998702548426	-1679.2455566202862
-26716.8916851798	-16562.599682834585	-1846.878961718252
-26673.73576398668	-16648.42883419888	-2014.4059648901075
-26629.351771927715	-16733.504759561944	-2181.8603296129495
-26583.744361273566	-16817.82305184244	-2349.2313347864583
-26536.918292717193	-16901.37938413148	-2516.5082864309334
-26488.87843454506	-16984.16951022691	-2683.680519217416
-26439.629761796066	-17066.189265131008	-2850.7373979529075
-26389.1773553914	-17147.43456554268	-3017.66831908277
-26337.526401245963	-17227.901410325496	-3184.4627121723424
-26284.682189350307	-17307.58588096946	-3351.1100414048688
-26230.650112842643	-17386.48414201627	-3517.599807032693
-26175.435667052214	-17464.5924414783	-3683.921546843888
-26119.04444852582	-17541.907111233013	-3850.064837606298
-26061.49973064389	-17618.401558095444	-4015.9691604552354
-26002.78080381172	-17694.108008430605	-4181.701335968783
-25942.88697609918	-17769.03007359354	-4347.267435484845
-25881.823279212425	-17843.163853403574	-4512.657175596574
-25819.59484605676	-17916.505525511384	-4677.860302754659
-25756.20690994114	-17989.051345842465	-4842.866594630801
-25691.66480372941	-18060.797649062923	-5007.665861561435
-25625.97395899962	-18131.74084899524	-5172.247947908666
-25559.13990515892	-18201.87743904448	-5336.6027334755345
-25491.168268568814	-18271.20399257521	-5500.72013483778
-25422.064771615576	-18339.717163308815	-5664.590106754087
-25351.83523179202	-18407.413685671665	-5828.202643492033
-25280.48556073435	-18474.290375152214	-5991.547780206698
-25208.021763272474	-18540.344128609806	-6154.615594234321
-25134.446273344583	-18605.575127596323	-6317.404243559962
-25059.74598962104	-18669.99657834446	-6479.945124671438
-24983.939480391706	-18733.59387128162	-6642.199960646388
-24907.031251918732	-18796.36506740948	-6804.161895370492
-24829.02582101548	-18858.3082473278	-6965.824093234175
-24749.927715151465	-18919.421510954828	-7127.179738617846
-24669.741472542533	-18979.702977277877	-7288.22203543574
-24588.471642289376	-19039.150784084806	-7448.944206608753
-24506.12278449459	-19097.763087730324	-7609.339493608667
-24422.699470413005	-19155.538062895233	-7769.401155962788
-24338.206282620744	-19212.473902350994	-7929.122470750301
-24252.64781515384	-19268.568816762232	-8088.4967321826425
-24166.02867371629	-19323.821034458993	-8247.51725107756
-24078.353475850738	-19378.228801251375	-8406.177354429921
-23989.626850998266	-19431.79038032418	-8564.470385200191
-23899.85343789537	-19484.504053675653	-8722.389706757465
-23809.03788840742	-19536.368119679206	-8879.928695852372
-23717.18486652735	-19587.38089366103	-9037.0807443628
-23624.299047688073	-19637.540708209195	-9193.839260360113
-23530.385118942595	-19686.845912967867	-9350.197667640783
-23435.447779152008	-19735.294874442654	-9506.149405268096
-23339.49173918081	-19782.88597581692	-9661.68792712406
-23242.521722106663	-19829.617616775256	-9816.806701459605
-23144.54246344096	-19875.488213336215	-9971.499210449418
-23045.558711371497	-19920.49619768914	-10125.758949733732
-22945.575226981317	-19964.640018056114	-10279.579428018907
-22844.596784565467	-20007.918138512785	-10432.954166641877
-22742.630545607903	-20050.327329584183	-10585.878776595486
-22639.680717709052	-20091.866529583618	-10738.346300792075
-22535.749110433877	-20132.53642364552	-10890.347662941254
-22430.839131549907	-20172.33655704961	-11041.875169782927
-22324.95547173393	-20211.26556514683	-11192.922257322523
-22218.10379123915	-20249.32140170379	-11343.483231155707
-22110.290409053938	-20286.501565780043	-11493.553001631499
-22001.52199500487	-20322.803327217847	-11643.126814404055
-26713.220790951702	-16451.56611830059	-1663.1418414039672
-26671.954693669813	-16539.2310679199	-1830.9877515600965
-26629.459337952754	-16626.127796253186	-1998.7402925548304
-26585.733289518288	-16712.265358848847	-2166.4143533979804
-26540.78145123242	-16797.639404739293	-2333.9991317589847
-26494.608834662162	-16882.245665910672	-2501.483856201623
-26447.220559177975	-16966.07995780803	-2668.8577877224634
-26398.621851042528	-17049.13817980618	-2836.1102212495243
-26348.818042459316	-17131.416315692913	-3003.2304871942524
-26297.81457061684	-17212.910434101894	-3170.2079529315142
-26245.61860694511	-17293.614208932613	-3337.0268752433367
-26192.25792294027	-17373.491518204108	-3503.6087702839577
-26137.70223145508	-17452.593378976504	-3670.0567476618326
-26081.956467753094	-17530.915693636605	-3836.3603588106944
-26025.025670945146	-17608.454443562536	-4002.509184289789
-25966.914983185845	-17685.20568959376	-4168.492835187899
-25907.629648818816	-17761.165572524857	-4334.30095460759
-25847.175013526703	-17836.33031354709	-4499.923219066718
-25785.556523438074	-17910.69621470138	-4665.3493399542995
-25722.779724241238	-17984.259659279665	-4830.569064902761
-25658.850260242965	-18057.017112250956	-4995.572179245003
-25593.77387344499	-18128.965120624936	-5160.348507362011
-25527.556402567403	-18200.10031383662	-5324.887914108167
-25460.203782066656	-18270.419404096232	-5489.18030618879
-25391.72204115022	-18339.91918670527	-5653.215633489651
-25322.114113784373	-18408.599643030655	-5816.991327505308
-25251.366690229697	-18476.475952475226	-5980.541788731658
-25179.498363821673	-18543.532096385254	-6143.826776993107
-25106.513707937796	-18609.76611599113	-6306.83938040053
-25032.41730573686	-18675.176073278744	-6469.572709874955
-24957.21375025974	-18739.760050671564	-6632.019898581183
-24880.907644492236	-18803.516150767126	-6794.17410147623
-24803.503601482902	-18866.44249604542	-6956.0284947678565
-24725.006244441407	-18928.53722861367	-7117.576275444764
-24645.4202068785	-18989.79850993638	-7278.810660748551
-24564.750132734403	-19050.22452059421	-7439.724887699174
-24483.00067652769	-19109.813460045032	-7600.3122126059625
-24400.176502072267	-19168.563547404727	-7760.565913355175
-24316.28227819273	-19226.47302412638	-7920.479297157657
-24231.322692748454	-19283.540144085822	-8080.045673464302
-24145.302444676458	-19339.763179380137	-8239.25836959445
-24058.226242709403	-19395.140421047527	-8398.110732930836
-23970.09880545179	-19449.670178824803	-8556.596130488131
-23880.924861524585	-19503.35078087702	-8714.707948380246
-23790.709149671413	-19556.180573567854	-8872.439591382332
-23699.456418920723	-19608.157921211638	-9029.784482416719
-23607.17142871458	-19659.28120586109	-9186.736062121436
-23513.8589491087	-19709.548827069946	-9343.2877883193
-23419.523760905788	-19758.959201708276	-9499.433135624186
-23324.170655885864	-19807.51076374006	-9655.16559490632
-23227.8044369645	-19855.201964054297	-9810.47867290078
-23130.4299184311	-19902.031270269166	-9965.36589170604
-23032.051926161483	-19947.997166564666	-10119.82078834767
-22932.675297832913	-19993.09815352776	-10273.836914358792
-22832.30488318731	-20037.332747989058	-10427.407835306007
-22730.945544266877	-20080.699482886885	-10580.527130380575
-22628.60215567844	-20123.196907131794	-10733.18839196529
-22525.279604868003	-20164.823585480834	-10885.385225207334
-22420.98279239285	-20205.578098426253	-11037.11124761487
-22315.71663222321	-20245.459042085717	-11188.36008863045
-22209.48605202067	-20284.46502811468	-11339.12538925785
-22102.298071144593	-20322.59210308922	-11489.403226881946
-21994.152854563057	-20359.84476138295	-11639.182254691317
-21885.0557828622	-20396.221341873166	-11788.455748485769
-26633.87990944597	-16506.399297510237	-1774.029095388456
-26592.160939817615	-16594.23807441575	-1942.0403712036714
-26549.210088525313	-16681.30802237053	-2109.961703485458
-26505.03170145082	-16767.60669145346	-2277.785482324918
-26459.63019853542	-16853.13159475244	-2445.5041514114655
-26413.010010427326	-16937.880272870385	-2613.110186512493
-26365.175578377188	-17021.850293523465	-2780.596094960136
-26316.131354146542	-17105.039251147555	-2947.954415139224
-26265.881799955485	-17187.444766470042	-3115.177715889302
-26214.431388431374	-17269.064486116473	-3282.25859595807
-26161.784602587497	-17349.89608220246	-3449.18968340677
-26107.945935795484	-17429.937251969066	-3615.963635086351
-26052.919891607882	-17509.185717658038	-3782.573136603365
-25996.71098164122	-17587.639229036475	-3949.0109079423637
-25939.32372986234	-17665.29555689047	-4115.269689987073
-25880.76267090256	-17742.152495346665	-4281.342249465046
-25821.03234886658	-17818.20786315141	-4447.221381898733
-25760.137317293265	-17893.459503293427	-4612.899911072544
-25698.08213912315	-17967.90528264373	-4778.370688520045
-25634.871386714723	-18041.5430915624	-4943.626592919184
-25570.509641828332	-18114.370843571196	-5108.660529614385
-25505.00149566116	-18186.386474990515	-5273.465430040967
-25438.351548879644	-18257.58794460564	-5438.034251195778
-25370.564411662475	-18327.97323334506	-5602.359975116808
-25301.64470376687	-18397.54034395761	-5766.4356083408475
-25231.597054603197	-18466.287300704844	-5930.25418137694
-25160.42610331976	-18534.212149065774	-6093.808748189547
-25088.13649890284	-18601.31295544878	-6257.092385679255
-25014.732900286544	-18667.58780691589	-6420.0981931737115
-24940.21997649186	-18733.034810901998	-6582.819291885584
-24864.60240674445	-18797.65209497438	-6745.248824449527
-24787.884875033258	-18861.43781116869	-6907.379966139075
-24710.07206480018	-18924.390139499046	-7069.205934729578
-24631.168687042104	-18986.50726488784	-7230.7199315516455
-24551.179463059565	-19047.78739198144	-7391.915178658789
-24470.109122948474	-19108.228746130037	-7552.784921603108
-24387.96240566774	-19167.829573061485	-7713.322428886817
-24304.744059092576	-19226.58813858512	-7873.520991471298
-24220.458840076622	-19284.50272830615	-8033.373922294329
-24135.111514548913	-19341.571647333032	-8192.874555746721
-24048.706857600802	-19397.793220009462	-8352.016247194573
-23961.249653601244	-19453.165789644176	-8510.792372473703
-23872.7446963178	-19507.68771825425	-8669.196327399499
-23783.19678904258	-19561.357386321615	-8827.221527292251
-23692.610744743473	-19614.1731925502	-8984.861406481621
-23600.991386213314	-19666.13355364063	-9142.109417839285
-23508.343546251424	-19717.236904062018	-9298.959032279156
-23414.67206782119	-19767.481695853054	-9455.40373832244
-23319.981804261282	-19816.86639840865	-9611.437041594494
-23224.277619472155	-19865.38949829566	-9767.052464386852
-23127.56438813107	-19913.049499068176	-9922.243545193858
-23029.84699592181	-19959.844921090702	-10077.00383824852
-22931.130339748328	-20005.77430138356	-10231.326913105568
-22831.419328000182	-20050.836193457886	-10385.206354164193
-22730.718880794113	-20095.029167176643	-10538.635760250418
-22629.03393023666	-20138.35180861967	-10691.608744187391
-22526.369420696472	-20180.80271995844	-10844.118932371839
-22422.730309086055	-20222.380519340375	-10996.159964356815
-22318.12156515291	-20263.08384078304	-11147.725492441035
-22212.548171791932	-20302.911334073277	-11298.809181247343
-22106.015125326117	-20341.86166469175	-11449.404707366788
-21998.52743582768	-20379.93351373409	-11599.505758962514
-21890.090108979333	-20417.125584074245	-11749.106060707052
-21780.708159565314	-20453.436595002462	-11898.199354066128
-21670.386448314905	-20488.865568138874	-12046.779127183894
